1000
1050
1051
1052
1053
1054
1055
1056
1057
1058
1059
1060
1061
1062
1063
1064
1065
1066
1067
1068
1069
1070
1071
1072
1073
1074
1092
1093
1095
1098
1100
1101
1102
1103
1104
1105
1106
1107
1110
1111
1112
1113
1114
1115
1116
1117
1118
1119
1120
1121
1122
1123
1124
1125
1126
1127
1128
1129
1130
1131
1140
1147
1148
1150
1151
1152
1153
1154
1155
1156
1157
1158
1159
1160
1161
1162
1164
1165
1166
1167
1168
1169
1170
1171
1172
1173
1174
1175
1200
1201
1202
1203
1204
1205
1206
1207
1208
1209
1210
1211
1213
1214
1215
1216
1217
1218
1219
1220
1221
1240
1250
1251
1253
1254
1255
1256
1257
1259
1260
1261
1263
1264
1265
1266
1267
1268
1270
1271
1291
1300
1301
1302
1303
1304
1306
1307
1308
1309
1310
1311
1312
1313
1314
1315
1316
1317
1318
1319
1320
1321
1322
1323
1324
1325
1326
1327
1328
1329
1350
1352
1353
1354
1355
1356
1357
1358
1359
1360
1361
1362
1363
1364
1365
1366
1367
1368
1369
1370
1371
1400
1401
1402
1403
1406
1407
1408
1409
1410
1411
1412
1413
1414
1415
1416
1417
1418
1419
1420
1421
1422
1423
1424
1425
1426
1427
1428
1429
1430
1431
1432
1433
1434
1435
1436
1437
1438
1439
1440
1441
1448
1450
1451
1452
1453
1454
1455
1456
1457
1458
1459
1460
1462
1463
1464
1466
1467
1468
1470
1471
1472
1500
1513
1532
1533
1550
1551
1552
1553
1554
1555
1556
1557
1558
1559
1560
1561
1562
1563
1564
1566
1567
1568
1569
1570
1571
1572
1573
1574
1575
1576
1577
1592
1599
1600
1601
1602
1603
1604
1606
1607
1608
1609
1610
1611
1612
1613
1614
1615
1616
1617
1618
1619
1620
1621
1622
1623
1624
1630
1631
1632
1633
1634
1635
1650
1651
1652
1653
1654
1655
1656
1657
1658
1659
1660
1661
1662
1663
1664
1665
1666
1667
1668
1669
1670
1671
1672
1673
1674
1675
1676
1677
1699
1700
1701
1702
1703
1704
1705
1706
1707
1708
1709
1710
1711
1712
1714
1715
1716
1717
1718
1719
1720
1721
1722
1723
1724
1725
1726
1727
1728
1729
1730
1731
1732
1733
1734
1735
1736
1737
1738
1739
1749
1750
1751
1752
1753
1754
1755
1756
1757
1758
1759
1760
1761
1762
1763
1764
1765
1766
1770
1771
1772
1773
1774
1775
1777
1780
1785
1786
1787
1790
1799
1800
1801
1802
1803
1804
1805
1806
1807
1808
1809
1810
1811
1812
1813
1814
1815
1816
1817
1818
1819
1820
1822
1823
1824
1825
1826
1827
1828
1829
1850
1851
1852
1853
1854
1855
1856
1857
1860
1861
1862
1863
1864
1865
1866
1867
1868
1870
1871
1872
1873
1874
1875
1876
1877
1878
1879
1900
1901
1902
1903
1904
1905
1906
1908
1909
1910
1911
1912
1913
1914
1915
1916
1917
1920
1921
1922
1923
1924
1925
1926
1927
1928
1950
1951
1952
1953
1954
1955
1956
1957
1958
1959
1960
1961
1962
1963
1964
1965
1966
1967
1970
1971
1972
1973
1974
2000
2100
2150
2200
2300
2400
2450
2500
2600
2605
2610
2620
2625
2630
2635
2640
2650
2660
2665
2670
2680
2690
2700
2720
2730
2740
2750
2760
2765
2770
2791
2800
2820
2830
2840
2850
2860
2870
2880
2900
2920
2930
2942
2950
2960
2970
2980
2990
3000
3050
3060
3070
3080
3100
3120
3140
3150
3200
3210
3220
3230
3250
3300
3310
3320
3330
3360
3370
3390
3400
3450
3460
3480
3490
3500
3520
3540
3550
3600
3630
3650
3660
3670
3700
3720
3730
3740
3751
3760
3770
3782
3790
4000
4030
4040
4050
4060
4070
4100
4130
4140
4160
4171
4173
4174
4180
4190
4200
4220
4230
4241
4242
4243
4250
4261
4262
4270
4281
4291
4293
4295
4296
4300
4320
4330
4340
4350
4360
4370
4390
4400
4420
4440
4450
4460
4470
4480
4490
4500
4520
4532
4534
4540
4550
4560
4571
4572
4573
4581
4583
4591
4592
4593
4600
4621
4622
4623
4632
4640
4652
4653
4654
4660
4671
4672
4673
4681
4682
4683
4684
4690
4700
4720
4733
4735
4736
4750
4760
4771
4772
4773
4780
4791
4792
4793
4800
4840
4850
4862
4863
4871
4872
4873
4874
4880
4891
4892
4894
4895
4900
4912
4913
4920
4930
4941
4943
4944
4951
4952
4953
4960
4970
4983
4990
5000
5200
5210
5220
5230
5240
5250
5260
5270
5290
5300
5320
5330
5350
5370
5380
5390
5400
5450
5462
5463
5464
5466
5471
5474
5485
5491
5492
5500
5540
5550
5560
5580
5591
5592
5600
5610
5620
5631
5642
5672
5683
5690
5700
5750
5762
5771
5772
5792
5800
5853
5854
5856
5863
5871
5874
5881
5882
5883
5884
5892
5900
5932
5935
5953
5960
5970
5985
6000
6040
6051
6052
6064
6070
6091
6092
6093
6094
6100
6200
6230
6240
6261
6270
6280
6300
6310
6320
6330
6340
6360
6372
6392
6400
6430
6440
6470
6500
6510
6520
6534
6535
6541
6560
6580
6600
6621
6622
6623
6630
6640
6650
6660
6670
6682
6683
6690
6700
6705
6710
6715
6720
6731
6740
6752
6753
6760
6771
6780
6792
6800
6818
6823
6830
6840
6851
6852
6853
6854
6855
6857
6862
6870
6880
6893
6900
6920
6933
6940
6950
6960
6971
6973
6980
6990
7000
7007
7080
7100
7120
7130
7140
7150
7160
7171
7173
7182
7183
7184
7190
7200
7250
7260
7270
7280
7300
7321
7323
7330
7361
7362
7400
7430
7441
7442
7451
7470
7480
7490
7500
7540
7550
7560
7570
7600
7620
7650
7660
7673
7680
7700
7730
7741
7742
7752
7755
7760
7770
7790
7800
7830
7840
7850
7860
7870
7884
7900
7950
7960
7970
7980
7990
800
8000
8200
8210
8220
8230
8240
8245
8250
8260
8270
8300
8305
8310
8320
8330
8340
8350
8355
8361
8362
8370
8380
8381
8382
8400
8410
8420
8444
8450
8462
8464
8471
8472
8500
8520
8530
8541
8543
8544
8550
8560
8570
8581
8585
8586
8592
8600
8620
8632
8641
8643
8653
8654
8660
8670
8680
37370
37380
37420
37470
37500
37530
37550
37560
37570
37600
37630
37700
37720
37740
37770
37800
37830
37850
37860
3790
37900
37910
37960
380
3810
38100
38120
38130
38140
38200
38201
38210
38220
38250
38270
38280
38300
38360
38420
38460
38470
38490
3850
38510
38600
38650
38670
38680
3870
38700
38710
38720
38740
38750
38760
38770
38800
38840
38860
38910
38920
38950
38951
38970
390
39100
39101
39110
39130
39150
39160
39170
39180
39195
39200
39230
39290
39310
39340
39360
39380
39410
39430
39450
39500
39501
39530
39580
39590
39610
39620
39660
39700
39750
39770
39780
39810
39820
39880
39920
39930
39940
39960
39965
39980
39990
400
40100
40101
40200
40250
40270
40320
40340
40350
40400
40420
40500
40520
40530
40600
40620
40630
40640
40660
40700
40720
40740
40800
40801
40820
40900
40930
40950
40951
410
41120
41140
41160
41161
41180
41210
41220
41230
41240
41260
41270
41290
4130
4131
41310
41325
41330
41340
41350
41360
41370
41390
41400
41410
41440
41450
41490
4150
41500
41520
41530
41540
41550
41560
41580
41630
41660
4170
41710
41730
41750
41770
41800
41820
41840
41860
41870
41880
41900
41920
41925
41930
41940
41970
41980
420
4200
42100
42140
4220
42220
4230
42300
42301
42330
4240
42440
4250
4251
42520
42560
4260
42600
42660
42700
42701
42720
42800
42820
42830
42840
42850
42870
42910
42930
430
4300
4310
43100
43130
43170
4320
43220
43240
43250
43270
4330
43300
43340
43390
4340
43420
43430
43440
43480
43490
4350
43500
43520
43540
43560
4360
43610
43640
43660
4370
43700
43701
43720
4380
43800
43840
4390
43900
43940
43960
440
4400
4410
44100
44101
44120
44150
44160
44170
44190
4420
44200
44201
44220
44250
44260
44280
4430
44300
44320
44330
44350
44370
4440
44400
44420
44440
44460
44480
44500
44501
44530
44580
44590
4460
44610
44630
44640
44670
44680
44730
44740
44760
44770
44790
4480
44800
44860
44880
44910
44920
44950
44970
4500
45100
45120
45130
45150
45160
45200
4530
45330
45360
45370
45410
45460
45610
45611
45700
45720
45740
45750
45810
45910
45940
4600
46110
46140
4620
46230
4630
46400
46430
46450
46530
46570
4660
46710
46730
46750
4680
46800
46810
46860
46900
46910
46930
46950
46960
47110
47150
47200
47201
47260
47310
47350
4740
47400
47440
47450
47460
47490
47520
47540
47610
47650
4770
47710
47760
47810
47830
47850
47900
47910
48100
48130
4820
48200
48210
48220
48230
48300
48310
48350
4840
48400
48410
48600
48700
48710
48720
48750
48770
48800
48810
48900
48910
48930
4920
49200
49210
49220
49240
49270
49290
49300
49340
4940
49400
49401
49410
49420
49460
49461
49480
49490
49510
49520
49540
49570
49610
49630
49640
49660
49700
49720
49730
49750
49760
49770
49780
49840
49860
49900
49930
49960
49980
500
50100
50120
50130
50150
50160
50170
50180
50190
50200
50300
50350
50500
50520
50600
50670
50700
50770
50800
50970
510
5100
51130
51200
51201
51260
51270
51310
51335
51340
51360
51380
51420
51430
51440
51450
51460
51520
51540
51600
51620
51670
51720
51740
51760
51780
51810
51820
51850
51860
51880
51890
51900
51930
51940
51980
520
5200
5201
52100
52110
52150
52200
52230
52270
52300
52320
52330
52340
52360
52420
5250
52510
52520
52550
52551
52610
52620
52700
52720
52730
52740
52760
52780
52830
52850
52890
52920
52960
52970
52980
530
53100
53130
53200
53300
53400
53420
53500
53550
53600
53650
53810
53830
53850
53900
53920
53950
540
5400
54100
54101
54110
54120
54190
54230
54250
54260
54270
5430
54300
54310
54330
54390
5440
54410
54430
54460
54490
5450
54500
54510
54530
54550
54580
54590
5460
5470
54710
54720
54750
54770
54800
54820
54850
54915
54920
54930
54940
54950
54960
550
5510
55100
55120
55300
55320
55330
55400
55420
55510
55610
55700
55800
55910
560
56100
56120
56140
5620
56210
56310
56330
56350
56410
56440
56510
56550
56610
56640
56710
56730
56800
570
57100
57120
57130
57170
5720
57200
57210
57220
57230
57310
57510
57600
57710
57810
580
5800
5810
58130
58140
58150
58160
58170
58175
58180
5820
58200
58220
58260
5830
58300
58320
58350
58360
58390
5840
58410
58420
58430
58450
5850
58500
58520
58550
58570
58580
5860
58610
58620
58650
58680
58690
58700
58720
58770
5880
58810
58830
58850
58900
58901
58910
58920
58940
590
5900
59100
59130
59210
59310
59320
59410
5950
59510
59520
59530
59610
59710
59720
59730
59800
59810
59820
600
60060
60100
60101
60110
60120
60150
60200
60220
60280
60320
60420
60450
60510
60550
60560
60640
60720
60760
60800
610
6100
6101
61100
61110
61120
61140
61150
61160
61170
61180
61220
61230
61250
61270
61280
61290
61300
61310
61330
61340
61350
61360
61370
61380
61400
61401
61410
61430
61440
61450
61460
61470
6150
61500
61520
61550
61560
61600
61630
61640
61650
61680
61710
61720
61730
61760
61800
61810
61820
61840
61850
61860
61880
61910
61920
61940
61950
61960
61980
620
6200
62100
62130
62150
62160
62165
62170
62175
62185
62190
62200
62201
62220
62230
62240
62260
62280
62290
62295
62300
62310
62340
62350
62370
62375
62380
62395
62410
62420
62430
62435
62440
62470
62500
62510
62520
62540
62570
62600
62610
62620
62630
62640
62660
62710
62720
62730
62740
62750
62760
62800
62810
62830
62840
62860
62870
62880
62900
62920
62940
62950
62990
630
63100
63101
63120
63130
63150
63160
63210
63230
63250
63300
63320
63330
63340
63350
63355
63360
63370
63400
63410
63430
63450
63500
63510
63530
63540
63600
63610
63640
63660
63680
63700
63701
63770
63780
63800
63830
63880
63890
63900
63910
63920
63950
640
6400
64100
64101
64140
64200
64201
64210
64220
64230
64240
64250
64260
64300
64320
64350
64370
64440
64450
64460
64480
64490
6450
64510
64530
64550
64610
64700
64720
64740
64760
64770
64810
64820
64830
64840
64850
64900
64930
650
6500
65100
65101
65130
65170
65200
65230
65280
6530
65300
65301
65320
65350
65370
65380
65410
65450
65460
65470
65480
65520
65610
65630
65650
65710
65730
65760
65800
65870
65920
65930
65970
660
66100
66140
66160
66200
66210
66220
66230
66240
66260
66270
66280
66290
66295
66300
66301
66320
66330
66340
66350
66360
66370
66400
66420
66430
66440
66450
95830
95840
95850
95860
95900
95920
95930
95940
95950
95970
95980
95990
960
96100
96190
96200
9630
96300
96320
96400
96440
96460
96500
96600
96700
96800
96900
96910
96930
96960
970
97110
97130
97140
97145
97160
97170
97220
97240
97250
97280
97290
97310
97320
97330
97335
97340
97370
97380
97390
97420
97430
97470
97510
97520
97530
97540
97580
97590
97610
97615
97620
97625
97630
97635
97645
97650
97655
97665
97670
97675
97680
97685
97690
97700
97715
97720
97760
97765
97770
97780
97785
97810
97815
97820
97840
97850
97870
97880
97890
97895
97900
97920
97925
97940
97950
97960
97965
97970
97980
97999
980
9810
98100
98120
98230
98310
98350
98360
98400
98420
98440
98450
98500
98510
98530
98550
98560
98570
98580
98600
98620
98630
98660
98710
98720
98760
98770
98780
98790
98800
98810
98820
98830
98840
98850
98900
98920
98930
98950
98960
98970
98980
98995
98999
990
99100
99110
99120
99130
99135
99140
99150
99160
99170
99180
99190
99195
99230
99240
99250
99270
99280
99290
9930
99300
99310
99320
99330
99340
99360
99400
99401
99410
99420
99430
99440
99450
99460
99470
99490
99510
99520
99530
99540
99550
99555
99560
99600
99610
99620
99640
99645
99650
99655
99660
99665
99670
99690
99695
99710
99720
99740
99750
99760
99770
99800
99801
99830
99831
99860
99870
99885
99910
99930
99940
99950
99970
99980
99990
101
103
104
105
107
108
109
110
111
112
113
116
121
123
124
125
127
128
129
130
132
150
155
170
172
190
200
201
202
203
210
212
220
221
222
225
230
232
233
235
240
245
250
260
270
271
276
300
301
302
310
311
320
340
345
350
355
356
360
370
371
380
400
401
410
415
420
425
430
450
451
460
465
470
471
500
510
512
520
524
530
531
540
541
545
550
551
560
565
566
570
580
600
601
602
603
610
611
620
621
625
630
640
641
645
650
660
670
671
675
680
681
685
690
700
701
710
715
720
730
735
740
750
755
760
765
780
781
785
800
801
802
810
815
820
825
840
845
850
851
860
861
870
871
880
900
902
1
10
1001
1003
1005
1006
1007
1008
1009
101
1011
102
103
104
105
1051
1052
1053
1054
1055
1056
106
1061
1062
1063
1064
1065
1067
1068
1069
107
1071
1081
1083
1084
1086
1087
1088
1089
109
110
1101
1102
1109
111
1112
112
113
114
115
1150
1151
1152
1153
1154
1155
1156
1157
1158
116
1160
1161
1162
1163
1164
1165
1166
1167
1168
1169
117
1170
1172
1176
1177
1178
1179
118
1181
1182
1184
1185
1187
1188
1189
119
120
1201
1202
1203
1204
1205
1207
121
1214
1215
122
123
124
125
1250
1251
1252
1253
1254
1255
1256
1257
1258
1259
1262
1266
1270
1271
1272
1273
1274
1275
1278
1279
128
1281
1283
1284
1285
1286
129
1290
1291
1294
1295
130
1300
1301
1302
1303
1304
1305
1306
1307
1309
131
1311
1312
1313
1314
1316
1317
1318
1319
132
1321
1322
1323
1324
1325
1326
1327
1328
1329
133
1330
1331
1332
1333
1334
1335
1336
1337
1338
1339
134
1340
1341
1342
1344
1346
1348
1349
135
1350
1351
1352
1353
1354
1356
1357
1358
1359
136
1360
1361
1362
1363
1364
1365
1366
1367
1368
1369
137
1371
1372
1373
1375
1376
1377
1378
1379
138
1380
1381
1383
1384
1385
1386
1387
1388
1389
139
1390
1391
1392
1393
1394
1395
1396
1397
1399
1400
1401
1402
1403
1404
1405
1406
1407
1408
1409
1410
1411
1412
1413
1414
1415
1416
1417
1418
1419
1420
1421
1429
1430
1431
1432
1440
1441
1442
1443
1444
1445
1446
1447
1448
1449
1450
1451
1453
1454
1455
1457
1458
1468
1469
1470
1471
1472
1473
1474
1475
1476
1477
1478
1479
1480
1481
1482
1483
1484
1485
1486
1487
1488
15
150
1501
1502
1503
1504
1506
1508
1509
151
1510
1511
1512
1513
1514
1515
1516
1517
1518
1519
152
1520
1521
1522
1523
1524
1525
1526
1528
1529
153
1530
1531
1532
1533
1534
1535
1536
1537
1538
1539
154
1540
1541
1545
155
1550
1555
1556
1560
157
1570
158
1580
1581
159
1590
1591
1592
1593
1596
1597
1598
1599
160
1601
1602
1603
1604
1605
1606
1607
1608
1609
161
1610
1612
1613
1614
1615
1616
1617
1618
1619
162
1620
1621
1624
1625
1626
1628
1629
1630
1632
1633
1634
1636
1637
1638
1639
164
1640
1641
1642
165
1650
1651
1653
1654
1655
1657
1658
1659
166
1661
1662
1663
1664
1665
1666
1667
167
1670
1671
1672
1673
1675
1676
1678
1679
168
1680
1682
1683
1684
169
1690
1692
170
1701
1702
1703
1704
1705
1706
1707
1708
1709
171
1710
1711
1712
1713
1714
1715
1718
1719
172
1720
1721
1722
1723
1724
1725
1726
1727
173
1730
1733
1734
1735
1738
1739
174
1740
1742
1743
1745
1746
1747
175
1751
1752
1753
1754
1757
1759
176
1760
1761
1763
1764
1765
1766
1767
1768
1769
177
1771
1772
1776
1777
1778
1779
178
1781
1782
1783
1784
1785
1786
1787
1788
1789
179
1790
1791
1792
1793
1794
1796
1798
1799
18
180
1801
1802
1803
1804
1805
1806
1807
1808
1809
181
1811
1812
1813
1814
1815
1816
182
1820
1823
1825
1827
183
1830
1831
1832
1833
184
185
1850
1851
1859
186
1860
1861
1866
1867
187
1870
1871
1875
1878
188
1880
1890
1891
1892
1893
190
1900
1901
1903
191
1910
1911
1912
1914
1916
1917
192
1920
1921
1923
1924
1925
1926
1927
1928
1929
193
1930
1931
194
1940
1941
195
1950
1954
196
1960
1961
1963
1970
1971
198
2000
2001
2003
2004
2005
2006
2007
2008
2009
201
2010
2011
2012
2013
2014
2015
2016
2017
2018
2019
202
2020
2021
2022
2023
2024
2025
2026
2027
2028
3884
3885
3886
3887
3888
3890
3891
3893
3895
3901
3902
3903
3904
3905
3906
3910
3911
3912
3913
3914
3915
3916
3917
3918
3919
3920
3921
3922
3924
3925
3928
3929
3930
3931
3933
3936
3937
3939
3940
3941
3942
3943
3944
3946
3947
3948
3949
3950
3960
3965
3966
3967
3970
3991
3993
3994
3995
3996
3997
3998
3999
40
4001
4002
4003
4004
4005
4006
4007
4008
4009
401
4010
4011
4012
4013
4014
4015
4016
4017
4018
4019
402
4020
4021
4022
4023
4024
4025
4026
4027
4028
4029
403
4031
4032
4033
4034
4035
4036
404
4041
4042
4043
4044
4045
4046
4047
4048
4049
405
4050
4051
4052
4053
4054
4055
4056
4057
4058
4059
406
4064
4065
4066
4067
4068
4069
4070
4076
4077
4078
4079
408
4081
4082
4083
4084
4085
4086
4087
4088
4089
409
4090
4091
4092
4093
4094
4095
4096
4097
4098
4099
410
4100
4102
411
4110
4119
412
4120
4123
4124
4126
4127
4128
4129
413
4130
4134
4137
4139
4146
4148
415
4150
4152
4153
4154
4156
4158
4159
4160
4161
4163
4164
4167
4168
4169
4170
4173
4174
4180
4182
4187
4198
4200
4201
4208
4209
421
422
423
4230
4233
4234
4235
4237
4239
424
4240
4244
4250
4260
4262
4264
4265
4270
4272
4274
4275
4276
4280
4291
4294
4295
4296
4297
4298
4299
4301
4302
4303
4304
4305
4306
4307
4308
4309
4310
4311
4312
4313
4314
4315
4316
4317
4318
4319
4321
4322
4323
4324
4325
4326
4327
4328
4329
4330
4332
4333
4335
4339
4340
4341
4342
4343
4344
4345
4346
4347
4348
4349
4352
4353
4354
4355
4356
4357
4358
4360
4362
4363
4364
4365
4367
4368
4369
4370
4371
4372
4373
4374
4375
4376
4378
4379
4380
4381
4387
4389
4391
4392
4393
4394
4395
4396
4397
4398
440
4400
4401
4402
4403
441
442
4420
4432
4434
4436
4438
4440
4441
4443
445
4460
4462
4463
4465
4473
4480
4484
4485
4490
4491
4492
45
450
4501
4502
4503
4504
4505
4506
4509
451
4513
4514
4515
4516
4517
4519
452
4520
4521
4522
4523
4524
4525
4528
4529
4532
4534
4536
454
4540
4544
455
4550
4551
4552
4553
4554
4557
4558
456
4560
4563
457
4575
4576
4577
4579
458
4580
4586
4588
459
4590
4595
4596
46
460
4604
4605
4606
4608
4609
461
4610
4611
4612
4613
4614
4615
4616
4617
4618
4619
462
4620
4621
4622
4623
4624
4625
4626
4628
4629
463
4630
4631
4632
4633
4634
4635
4636
4637
4638
4639
464
4640
4645
4646
4647
465
4651
4656
4657
4658
4659
4661
4662
4663
4664
4665
4666
467
4670
4671
4672
4673
4674
4675
4676
4677
4678
4679
468
4681
4682
4683
4684
4685
4686
4687
4688
4689
469
4691
4693
4694
4695
4696
4697
4698
4699
47
470
4700
4701
4702
4703
4705
4715
472
4720
4724
473
4730
4733
4734
4735
4737
474
4741
4742
4745
4747
4748
475
4754
4755
4756
476
4760
4766
4768
477
4770
478
4780
479
4790
4791
4792
4793
4794
4795
48
480
4801
4802
4803
4804
4808
4809
481
4810
4812
4815
4816
4817
4818
482
4820
4821
4823
4824
4825
4827
4828
483
4830
4832
4834
4836
4838
4839
484
4841
4842
4843
4844
4846
4847
4848
4849
485
4851
4852
4853
4854
4855
4856
4857
4858
4859
486
4861
4862
4863
4864
4865
4868
4869
487
4870
4876
4877
4878
4879
488
4884
4885
4886
4887
4888
4889
489
4891
4892
4893
4894
4896
4898
490
4900
4901
4902
4909
491
4910
4912
4915
4916
492
4920
493
4934
494
495
4950
4951
4952
4953
4955
496
4971
4972
4973
4974
4980
4985
4990
4993
4994
50
5003
5004
5005
5006
5007
5008
5009
501
5010
5011
5012
5013
5014
5015
5016
5017
5018
5019
502
5020
5021
5022
503
5031
5032
5033
5034
5035
5036
5037
5038
5039
504
5041
5042
5043
5045
505
5052
5053
5054
5055
5056
5057
5058
5059
506
5063
5067
5068
507
5072
5073
5075
508
5081
5082
5089
509
5093
5094
5096
5097
5098
5099
51
510
5101
5104
5105
5106
5107
5108
5109
511
5111
5113
5114
5115
5116
5117
5118
5119
512
5121
5122
5124
513
5130
5131
5132
5134
5135
5136
5137
5141
5142
5143
5144
5145
5146
5147
5148
515
5151
5152
5153
5154
5155
516
5160
5161
5162
5163
5164
5165
517
5170
5171
5172
5173
5174
5176
5177
5178
5179
518
5183
5184
520
5200
5201
5202
5203
5206
5207
5208
5209
5210
5211
5212
5215
5216
5217
5218
5221
5222
5223
5224
5225
5226
5227
5228
5229
5230
5231
5232
5235
5236
5237
5238
5239
5243
5244
5251
5252
5253
5254
5257
5258
5259
5260
5261
5262
5263
5264
5265
5267
5268
5281
5282
5283
5284
5285
5286
5291
5293
5299
5300
5301
5302
5303
5304
5305
5306
5307
5308
5309
5310
5314
5315
5318
5319
5321
5322
5323
5325
5326
5327
5329
5331
5333
5334
5335
5336
5337
5341
5342
5343
5345
5346
5347
5350
5353
5354
5355
5357
5358
5360
5363
5365
5366
5371
5374
5378
5379
5380
5381
5382
5384
5385
5387
5388
5392
5393
5394
5396
5397
5398
5399
540
5401
5402
5403
5404
5406
5407
5408
5409
5410
5411
5412
5413
5414
5415
5416
5417
5418
5419
5420
5423
5427
5428
5430
5437
5440
5443
5444
5445
5447
5449
5450
5451
5452
5453
5454
5455
5457
5458
5459
5460
5462
5463
5464
5465
5470
5472
5473
5474
5475
5476
5480
5484
5486
5498
5499
55
550
5501
5502
5503
5504
5505
5506
5507
5508
5509
551
5511
5512
5514
5515
5516
5517
5518
5519
552
5521
5522
5523
5525
5527
5528
5529
553
5531
5532
5533
5534
5535
5536
5537
5538
554
5541
5542
5544
5545
5546
5547
5548
5549
555
5550
5551
5554
5555
5559
556
5560
5561
5563
5565
5566
5567
5568
557
5570
5574
5575
5576
5578
558
5580
5582
5583
5584
5585
5586
5588
5589
559
5590
5591
5593
5594
5595
5596
5598
560
5600
5601
5602
5604
5605
561
5610
5612
5614
562
5620
5626
5627
5628
5629
563
5630
5632
5635
5636
5637
564
5640
5641
5642
5643
5645
5646
5647
5649
565
5650
5652
5653
566
567
568
5680
5683
5685
5687
569
5690
5693
5694
5695
5696
570
5700
5701
5702
5703
5704
5705
5706
5707
5708
5709
571
5710
5711
5712
5713
5714
5715
5718
5719
572
5721
5722
5723
5724
5725
5726
5727
5728
5729
573
5730
5731
5733
5734
5736
574
5741
5742
5743
5745
5746
5747
5748
5749
575
5750
5751
5752
576
5760
5763
577
5770
5773
5776
5777
5778
5779
578
5780
5781
5782
5783
5784
5785
5786
5787
5788
579
580
5803
5804
5805
5806
5807
5808
5809
581
5810
5811
5812
5813
5814
5815
5816
5817
5818
5819
582
5820
5821
5822
5824
5825
5828
5829
583
5831
5835
5836
5838
584
5841
5845
5847
5848
5849
585
5851
5852
5853
5854
5857
5858
5859
586
5861
5862
5863
5864
5868
5869
587
5871
5872
5873
5876
5877
5878
5879
588
5881
5882
5884
5886
5887
5888
5889
589
5892
5893
5895
5896
5899
590
5902
5903
5904
5906
5907
5908
591
5911
5912
5913
5914
5915
5916
5917
5918
592
593
5931
5936
5937
5938
5939
594
5941
5943
5947
5948
595
5951
5952
5953
5954
5955
5956
5957
596
5960
5961
5962
5966
5967
597
5970
5977
5978
5979
598
5981
5983
5984
5986
5987
5991
5993
5994
60
6001
6002
6003
6004
6005
6006
6007
6008
6009
601
6010
6011
6012
6013
6014
6015
6016
6017
6018
6019
602
6020
6021
6022
6023
6024
6025
6026
6028
603
6030
6035
6036
6037
6038
6039
604
6040
6043
6044
6045
6046
6047
6048
605
6050
6051
6052
6055
6057
6058
6059
606
6060
6062
6063
6064
6065
6067
6068
6069
607
6070
6076
608
6080
6082
6083
6084
6085
6087
6089
609
6090
6091
6092
6094
6095
6096
6098
6099
6100
6101
6102
6103
6104
6105
6106
611
6110
612
6120
613
6133
6139
614
6140
6141
6142
6143
6144
6146
6149
615
6150
6151
6152
6153
6154
6155
6156
616
6160
6161
6165
6166
617
6170
6174
618
6183
6184
619
6190
6196
620
6200
6201
621
6210
6211
6212
6213
6214
6215
6216
6218
622
6220
6222
6224
623
6230
6238
6239
624
6240
6249
6250
6259
626
6260
6263
6264
6265
6270
6272
6280
6281
6282
6283
6285
6290
6292
6293
6294
6300
6301
6310
6315
6320
6330
6339
6350
6360
6363
6364
6386
6387
6390
6391
6392
6393
6394
6395
6396
6397
6398
6399
6401
6402
6403
6404
6405
6407
6408
6409
6410
6411
6412
6413
6414
6415
6416
6418
6419
6421
6422
6423
6425
6429
6430
6431
6433
6434
6435
6436
6440
6443
6444
6445
6447
6450
6453
6454
6455
6456
6457
6460
6461
6462
6470
6472
6475
6476
6480
6481
6483
6484
6486
6487
6488
6490
6493
6494
6499
650
6501
6502
6503
6504
6506
6507
6508
6509
651
6510
6511
6512
6514
6515
6516
6517
6518
652
6520
6521
6522
6523
6524
6525
6529
653
6530
6538
6539
654
655
656
657
6570
6571
658
659
6590
660
6600
6601
661
6610
6611
6612
6613
662
6620
6622
6628
6629
663
6630
6631
6633
6636
6637
6638
6639
664
6640
6642
6643
6644
6645
665
6650
6652
6653
6655
6656
6657
6658
6659
666
667
6670
6674
668
6680
6683
6686
6687
6688
6689
669
6690
6693
6694
6697
6698
6699
670
6700
6701
6702
6703
6704
6707
6708
671
6710
6711
6713
6714
6715
6716
6717
6718
6719
672
6721
6723
6726
6727
6728
6729
673
6730
6731
6734
6737
674
6740
6741
675
6750
6751
676
6761
6763
677
6770
6771
6772
6776
6777
6778
6779
678
6781
6782
6783
6784
6788
6789
679
6791
6792
6793
6795
6796
6797
6798
6799
680
6800
6801
6802
6803
6804
6805
6806
6807
6808
6809
681
6810
6811
6812
6813
6814
6815
6817
6818
6819
682
6821
6822
6823
6826
6827
6828
6829
683
684
6841
6843
6847
6848
685
6851
6852
6853
6854
6855
6856
6858
6859
686
6861
6863
6866
6868
6869
687
6870
6871
6872
6873
6875
6876
6877
6878
6879
688
6881
6882
6884
6885
6886
6887
6888
689
6891
6893
6894
6895
6896
6898
6899
690
6900
6901
6902
6903
6909
691
6912
6914
6915
6916
6917
6918
6919
692
6921
6924
6926
6927
6928
6929
693
694
6940
6941
6942
6944
6946
6947
6951
6953
6957
6958
6961
6963
6964
6966
6967
6968
6969
6971
6973
6975
6977
6978
6980
6981
6982
6983
6984
6985
6986
6987
6988
6991
6993
6995
6996
7003
7004
7005
7006
701
7010
7011
7012
7013
7014
7015
7016
7018
7019
702
7020
7021
7022
7023
7024
7025
7026
7027
7028
7029
7030
7031
7032
7033
7034
7036
7037
7038
7039
7040
7041
7042
7043
7044
7045
7046
7047
7048
7049
705
7050
7051
7052
7053
7054
7056
7057
7058
7059
7070
7072
7074
7075
7078
7079
7080
7081
7082
7083
7088
7089
7091
7092
7097
7098
7099
710
7100
7101
7105
7110
7112
7113
7114
7119
712
7120
7121
7125
7126
7127
7129
7130
7140
7142
7150
7152
7153
7156
7159
7160
7165
7166
7167
7168
7169
7170
7176
7177
7178
7180
7190
7194
7200
7201
7203
7206
7211
7212
7213
7221
7223
7224
7227
7228
7231
7232
7234
7235
7236
7238
7239
7240
7241
7242
7243
7246
7247
7250
7252
7255
7256
7257
7259
7260
7261
7263
7264
7266
7268
7270
7273
7280
7282
7284
7285
7286
7287
7288
7289
7290
7291
7295
7298
7300
7301
7302
7310
7315
7316
7318
7319
7320
7321
7327
7329
7331
7332
7333
7334
7335
7336
7338
7340
7341
7342
7343
7345
7350
7351
7353
7354
7355
7357
7358
7361
7370
7372
7374
7380
7383
11865
11866
11867
11869
11872
11880
11881
11882
11883
11885
11886
11887
11888
11889
11890
11891
11892
11893
11894
11895
12000
12001
12002
12004
12005
12006
12007
12008
12009
12010
12011
12012
12013
12014
12015
12016
12017
12018
12019
12020
12021
12022
12023
12024
12025
12026
12030
12031
12032
12033
12038
12039
12040
12044
12047
12048
12050
12051
12052
12053
12054
12055
12056
12057
12058
12059
12060
12061
12062
12063
12064
12065
12066
12067
12068
12069
12070
12079
12080
12081
12082
12087
12088
12090
12100
12105
12106
12107
12111
12112
12113
12114
12115
12116
12117
12118
12119
12120
12121
12122
12123
12124
12125
12126
12127
12128
12129
12130
12131
12132
12133
12134
12135
12136
12137
12138
12139
12140
12143
12144
12145
12146
12147
12148
12149
12150
12151
12152
12153
12154
12155
12156
12162
12163
12177
12186
12187
12188
12189
12200
12203
12206
12220
12231
12232
12233
12234
12237
12238
12239
12240
12241
12242
12243
12244
12245
12246
12247
12248
12260
12262
12263
12264
12265
12266
12286
12288
12300
12301
12303
12305
12320
12321
12322
12323
12324
12326
12327
12328
12332
12333
12334
12341
12342
12343
12344
12346
12347
12348
12349
12352
12356
12357
12358
12359
12360
12363
12371
12372
12373
12386
12387
12400
12403
12404
12420
12421
12422
12425
12430
12431
12432
12433
12450
12451
12452
12453
12454
12455
12456
12457
12458
12459
12460
12461
12462
12463
12464
12465
12466
12467
12470
12471
12472
12473
12474
12475
12476
12500
12501
12502
12503
12505
12520
12521
12522
12523
12524
12525
12530
12533
12534
12535
12540
12541
12542
12543
12544
12545
12546
12551
12552
12553
12554
12555
12556
12557
12558
12559
12571
12572
12573
12574
12580
12581
12582
12586
12600
12601
12609
12611
12612
12613
12614
12615
12616
12617
12618
12619
12620
12625
12627
12630
12631
12632
12633
12634
12635
12636
12637
12638
12639
12640
12641
12642
12647
12648
12649
12650
12651
12652
12653
12675
12678
12679
12681
12686
12688
12689
12700
12702
12703
12720
12721
12722
12723
12724
12725
12726
12729
12730
12731
12732
12733
12734
12735
12736
12737
12738
12739
12740
12741
12742
12743
12744
12745
12746
12747
12748
12749
12755
12761
12781
12784
12785
12786
12787
12800
12804
12805
12806
12807
12820
12821
12822
12823
12824
12830
12831
12832
12833
12834
12835
12836
12838
12839
12841
12842
12843
12844
12845
12846
12847
12848
12862
12864
12865
12866
12867
12868
12869
12885
12900
12904
12906
12907
12918
12920
12921
12922
12923
12930
12931
12932
12933
12934
12935
12936
12937
12938
12939
12940
12941
12942
12943
12944
12945
12946
12947
12948
12949
12950
12951
12952
12953
12954
12955
13025
13033
13034
13036
13037
13038
13039
13040
13042
13043
13054
13055
13056
13061
13100
13102
13103
13104
13105
13106
13107
13108
13110
13120
13121
13122
13123
13124
13125
13126
13127
13128
13129
13130
13131
13132
13133
13134
13135
13136
13137
13138
13139
13140
13141
13142
13143
13144
13145
13146
13147
13148
13149
13150
13152
13155
13156
13159
13160
13161
13162
13165
13171
13172
13173
13180
13181
13182
13183
13185
13186
13187
13188
13189
13190
13191
13192
13193
13200
13202
13203
13204
13205
13220
13221
13222
13223
13225
13226
13227
13230
13231
13232
13233
13234
13235
13236
13237
13238
13239
13240
13241
13242
13243
13244
13245
13246
13247
13248
13252
13281
13285
13300
13302
13304
13320
13321
13322
13323
13331
13332
13333
13334
13335
13336
13337
13338
13339
13341
13342
13343
13344
13348
13349
13380
13381
13383
13400
13401
13406
13407
13408
13420
13421
13422
13423
13424
13425
13426
13427
13428
13429
13430
13431
13432
13433
13434
13435
13436
13437
13438
13439
13440
13441
13442
13443
13444
13460
13461
13462
13463
13464
13465
13466
13467
13469
13481
13482
13500
13502
13517
13520
13521
13522
13523
13524
13525
13526
13527
13528
13529
13530
13533
13534
13535
13536
13537
13539
13540
13541
13542
13543
13544
13545
13546
13547
13548
13549
13550
13551
13552
13553
13554
13555
13558
13559
13560
13561
13562
13563
13567
13568
13569
13570
13581
13582
13600
13602
13603
13611
13612
13618
13620
13621
13622
13623
13625
13626
13627
13637
13638
13639
13640
13641
13642
13643
13644
13645
13646
13647
13648
13649
13650
13651
13652
13653
13654
13659
13660
13661
13662
13663
13664
13665
13666
13667
13668
13669
13670
13671
13672
13673
13675
13680
13681
13682
13683
13687
13689
13691
13700
13702
13720
13721
13722
13723
13724
13731
13732
13734
13736
13737
13738
13740
13741
13742
13754
13755
13756
13757
13791
13792
13793
13794
13800
13820
13821
13822
13830
13831
13832
13833
13834
13835
13836
13837
13840
13900
13901
13920
13921
13922
13923
13924
13930
13931
13932
13933
13934
13935
13936
13940
13941
13950
13951
13952
13953
13954
13955
13956
13960
13990
14100
14101
14102
14104
14105
14106
14107
14109
14112
14118
14120
14121
14122
14123
14124
14125
14126
14127
14128
14130
14131
14132
14133
14134
14135
14137
14138
14139
14140
14141
14142
14143
14144
14145
14146
14147
14148
14149
14150
14151
14152
14153
14154
14155
14156
14157
14159
14160
14161
14162
14170
14171
14172
14173
14175
14181
14182
14183
14184
14185
14186
14187
14188
14189
14191
14199
14200
14202
14220
14221
14222
14225
14229
14230
14231
14232
14233
14234
14235
14240
14241
14242
14243
14250
14251
14252
14253
14260
14261
14262
14263
14264
14265
14266
14281
14282
14291
14300
14301
14303
14320
14330
14331
14332
14335
14340
14341
14342
14343
14344
14345
14346
14347
14400
14402
14420
14421
14424
14430
14431
14432
14433
14437
14440
14442
14444
14451
14452
14461
14462
14463
14464
14480
14500
14501
14502
14503
14504
14520
14550
14551
14552
14553
14556
14557
14558
14559
14560
14563
14564
14565
14567
14568
14569
14570
14571
14572
14573
14574
14581
14583
14584
14588
14590
14600
14620
14621
14622
14630
14631
14632
14633
14636
14637
14638
14640
14641
14645
14646
14648
14649
14650
14652
14653
14654
14680
14700
14701
14707
14720
14721
14722
14723
14725
14730
14731
14732
14733
14734
14739
14740
14741
14742
14743
14744
14745
14750
14751
14752
14753
14754
14755
14760
14761
14762
14763
14770
14771
14780
14782
14785
14791
14792
14800
14802
14820
14821
14822
14825
14830
14831
14832
14833
14834
14835
14840
14860
14870
14871
14880
14891
14892
14895
14896
14897
14900
14902
14920
14921
14922
14923
14925
14930
14931
14932
14933
14934
14935
14940
14941
14943
14945
14950
14951
14980
14981
14982
14991
14992
14995
15021
15023
15100
15101
15102
15104
15106
15108
15109
15110
15113
15120
15121
15122
15123
15124
15126
15127
15129
15132
15133
15134
15135
15136
15137
15138
15139
15140
15144
15145
15146
15147
15148
15152
15153
15154
15155
15156
15159
15160
15161
15162
15163
15164
15165
15168
15171
15172
15173
15181
15182
15183
15184
15185
15187
15188
15189
15192
15200
15205
15207
15220
15225
15226
15227
15228
15230
15231
15240
15241
15242
15243
15248
15249
15250
15251
15252
15254
15256
15257
15258
15259
15270
15271
15286
15295
15297
15300
15307
15320
15321
15322
15326
15330
15331
15332
15335
15336
15337
15338
15371
15381
15391
15392
15393
15394
15395
15500
15520
15521
15522
15530
15531
15532
15533
15534
15535
15580
15581
15591
15592
15593
15594
16100
16102
16103
16104
16105
16107
16111
16120
16124
16125
16126
16184
16186
16189
16200
16201
16206
16211
16212
16213
16215
16216
16244
16245
16246
16247
16250
16251
16252
16253
16254
16255
16256
16257
16258
16260
16261
16262
16263
16264
16265
16266
16267
16268
16270
16271
16272
16283
16287
16288
16289
16300
16303
16304
16305
16308
16310
16320
16321
16329
16340
16341
16342
16343
16344
16345
16346
16347
16350
16351
16352
16353
16354
16355
16356
16361
16362
16363
16364
16365
16366
16367
16368
16370
16371
16372
16373
16374
16375
16380
16385
16388
16389
16391
16394
16400
16406
16407
16419
16420
16421
16422
16423
16424
16425
16426
16428
16429
16430
16431
16432
16433
16434
16435
16436
16437
16438
16439
16440
16441
16442
16443
16444
16445
16446
16447
16448
16451
16452
16453
16455
16471
16472
16473
16474
16475
16476
16477
16478
16479
16480
16481
16482
16483
16484
16485
16486
16487
16488
16490
16491
16492
16493
16494
16495
16496
16497
16500
16510
16511
16512
16513
16515
16516
16520
16521
16522
16523
16524
16552
16553
16554
16555
16556
16557
16558
16559
16560
16561
16562
16563
16564
16565
16570
16571
16572
16573
16574
16575
16576
16577
16700
16714
16715
16717
16719
16720
16721
16722
16724
16731
16732
16733
16735
16736
16737
16738
16739
16740
16741
16743
16744
16745
16751
16752
16753
16754
16755
16756
16757
16758
16761
16762
16763
16764
16765
16766
16767
16771
16772
16773
16774
16775
16776
16780
16781
16800
16810
16820
16827
16830
16831
16832
16833
16834
16835
16836
16837
16838
16839
16840
16841
16843
16844
16845
16846
16847
16848
16849
16850
16851
16852
16853
16854
16855
16856
16857
16858
16859
16860
16864
16865
16866
16867
16868
16869
16873
16874
16875
16876
16877
16880
16900
16902
16903
16905
16920
16926
16927
16928
16929
16930
16931
16932
16933
16934
16935
16936
16937
16938
16939
16940
16950
16951
16952
16953
16954
16955
16956
16957
16958
16959
16960
16961
16962
16963
16964
16965
16966
16967
16968
16969
16970
16971
16972
16973
16974
16980
16981
16982
16983
16984
16985
16986
16987
16988
16989
17000
17007
17008
17009
17020
17063
17064
17065
17066
17067
17068
17070
17071
17072
17073
17074
17075
17076
17077
17078
17079
17080
17081
17082
17084
17085
17087
17100
17101
17104
17105
17106
17108
17109
17111
17112
17113
17114
17116
17117
17118
17119
17120
17121
17122
17123
17124
17125
17126
17127
17128
17129
17141
17142
17143
17144
17145
17147
17148
17149
17150
17151
17152
17153
17154
17155
17156
17157
17158
17159
17160
17161
17162
17163
17164
17165
17166
17167
17168
17170
17171
17172
17173
17174
17175
17176
17177
17178
17179
17181
17182
17183
17184
17185
17186
17187
17188
17189
17190
17191
17193
17194
17195
17196
17197
17199
17200
17205
17213
17214
17215
17220
17221
17222
17223
17224
17225
17226
17227
17229
17230
17231
17232
17233
17234
17235
17236
17237
17238
17239
17240
17241
17262
17263
17264
17265
17266
17267
17268
17269
17270
17271
17272
17273
17274
17275
17276
17277
17278
17279
17281
17282
17284
17285
17287
17288
17290
17292
17299
17300
17301
17302
17305
17306
17307
17308
17310
17311
17313
17315
17317
17318
17320
17321
17322
17323
17324
17325
17326
17327
17328
17329
17330
17331
17332
17333
17334
17335
17336
17337
17338
17339
17340
17341
17342
17343
17344
17345
17350
17351
17360
17380
17381
17382
17383
17385
17386
17400
17402
17407
17413
17420
17427
17442
17443
17444
17445
17446
17447
17448
17449
17450
17451
17452
17453
17454
17455
17456
17457
17458
17459
17460
17487
17488
17500
17504
17506
17508
17520
17526
17527
17529
17541
17543
17544
17545
17546
17547
17548
17549
17550
17551
17552
17553
17554
17555
17556
17557
17560
17561
17562
17563
17564
17565
17566
17567
17568
17569
17572
17579
17580
17584
17588
17589
17600
17602
17627
17668
17669
17670
17671
17672
17673
17674
17675
17676
17677
17680
17700
17710
17720
17721
17722
17723
17724
17725
17728
17730
17731
17732
17733
17734
17735
17736
17737
17738
17739
17740
17741
17742
17750
17751
17752
17753
17754
17755
17756
17757
17758
17759
17760
17761
17762
17763
17764
17770
17771
17780
17781
17800
17802
17817
17820
17821
17822
17823
17824
17830
17831
17832
17833
17834
17835
17836
17837
17838
17839
17840
17851
17852
17853
17854
17890
17891
17892
17893
17903
17904
17905
17960
17961
17962
17963
17965
17975
17995
17996
17997
17998
18100
18101
18103
18104
18105
18106
18110
18118
18120
18121
18122
18123
18124
18125
18126
18130
18131
18132
18133
18134
18135
18136
18137
18138
18139
18140
18141
18142
18143
18144
18146
18147
18148
18156
18157
18158
18159
18160
18161
18162
18163
18164
18165
18166
18170
18171
18172
18173
18174
18175
18176
18177
18178
18179
18181
18182
18185
18186
18187
18190
18200
18201
18202
18203
18204
18205
18206
18207
18210
18211
18212
18214
18215
18216
18217
18220
18230
18231
18232
18233
18234
18235
18236
18237
18238
18239
18245
18246
18247
18248
18249
18250
18252
18253
18254
18255
18256
18257
18260
18261
18262
18263
18264
18265
18266
18267
18268
18269
18270
18273
18274
18275
18276
18277
18278
18279
18285
18287
18288
18291
18300
18301
18302
18303
18304
18310
18311
18312
18313
18314
18315
18316
18317
18318
18319
18320
18321
18322
18323
18325
18326
18330
18331
18332
18333
18334
18335
18336
18337
18348
18349
18350
18351
18352
18353
18354
18355
18356
18357
18358
18359
18360
18361
18362
18363
18364
18365
18366
18367
18368
18369
18370
18377
18378
18379
18380
18381
18383
18384
18385
18400
18403
18410
18420
18421
18422
18423
18424
18425
18426
18427
18428
18430
18431
18432
18433
18434
18435
18436
18437
18438
18440
18441
18442
18443
18444
18450
18451
18452
18460
18461
18462
18463
18470
18480
18485
18486
18491
18492
18494
18495
18497
18500
18520
18521
18522
18523
18531
18532
18533
18534
18535
18537
18539
18541
18551
18581
18582
18583
18591
18592
18593
18594
18599
18600
18601
18603
18620
18621
18622
18623
18624
18625
18626
18630
18631
18632
18633
18634
18635
18636
18637
18638
18639
18640
18641
18642
18643
18644
18645
18646
18647
18649
18650
18651
18652
18653
18654
18655
18656
18660
18670
18686
18691
18692
18693
18694
18695
18696
18697
18700
18705
18706
18710
18711
18712
18713
18714
18715
18720
18726
18727
18728
18729
18730
18731
18732
18733
18734
18735
18736
18737
18738
18740
18741
18742
18743
18744
18745
18746
18750
18751
18752
18753
18754
18762
18763
18764
18765
18766
18767
18768
18769
18770
18772
18773
18774
18775
18776
18777
18780
19040
19045
19046
19047
19050
19060
19100
19102
19118
19120
19121
19122
19123
19124
19126
19127
19128
19129
19131
19133
19134
19135
19136
19138
19139
19140
19141
19142
19143
19144
19145
19146
19147
19149
19150
19160
19161
19162
19163
19181
19183
19184
19185
19186
19189
19190
19197
19200
19205
19206
19207
19208
19210
19220
19221
19230
19248
19251
19252
19253
19254
19255
19256
19257
19258
19259
19266
19267
19268
19269
19270
19271
19272
19273
19274
19275
19276
19277
19278
19279
19280
19281
19300
19320
19321
19322
19323
19324
19328
19330
19331
19332
19333
19334
19335
19336
19340
19341
19391
19400
19402
19404
19405
19418
19420
19421
19422
19423
19426
19427
19428
19429
19430
19431
19432
19433
19434
19435
19436
19437
19438
19439
19440
19441
19442
19443
19444
19445
19446
19447
19451
19452
19453
19454
19455
19456
19457
19460
19461
19462
19463
19464
19465
19466
19467
19468
19471
19472
19473
19474
19475
19476
19477
19478
19479
19480
19481
19482
19483
19484
19486
19487
19488
19489
19491
19492
19498
19500
19502
19503
19504
19505
19510
19520
19521
19522
19523
19524
19525
19530
19531
19532
19533
19534
19535
19536
19540
19541
19542
19543
19544
19545
19546
19547
19550
19551
19552
19553
19554
19555
19556
19557
19558
19560
19561
19570
19571
19572
19580
19581
19582
19585
19587
19591
19592
19593
19594
19595
19596
19600
19601
19602
19620
19621
19622
19623
19624
19628
19630
19631
19632
19633
19634
19635
19636
19637
19638
19640
19641
19680
19681
19685
19691
19692
19693
19700
19720
19721
19722
19725
19730
19731
19732
19734
19735
19736
19740
19791
19792
19793
20001
20002
20003
20004
20005
20006
20007
20010
20011
20021
20022
20024
20025
20031
20032
20039
20040
20041
20042
20043
20045
20046
20049
20060
20061
20062
20070
20071
20072
20073
20074
20110
20120
20121
20122
20123
20124
20125
20126
20180
20210
20211
20212
20213
20214
20215
20219
20220
20221
20222
20224
20225
20226
20227
20228
20229
20240
20250
20260
20270
20271
20280
20310
20311
20312
20313
20314
20315
20320
20501
20502
20503
20504
20505
20506
20507
20508
20509
20510
20511
20512
20513
20514
20515
20516
20517
20518
20519
20520
20521
20522
20526
20530
20531
20533
20535
20540
20542
20543
20544
20545
20547
20550
20552
20555
20560
20565
20570
20575
20577
20579
20580
20581
20585
20590
20595
20800
20801
20802
20803
20804
20805
20806
20807
20808
20809
20810
20811
20812
20813
20814
20815
20816
20817
20818
20819
20820
20821
20822
20823
20824
20825
20826
20827
20828
20829
20830
20831
20832
20833
20834
20835
20836
20837
20838
20839
20840
20841
20842
20843
20844
20845
20846
20847
20848
20849
20850
20851
20852
20853
20854
20855
20856
20857
20858
20859
20860
20861
20862
20863
20864
20865
20866
20867
20868
20869
20870
20871
20872
20873
20874
20875
20876
20877
20878
20879
20880
20881
20882
20883
20884
20885
20886
20887
20888
20889
20890
20891
20892
20893
20894
20895
20896
20897
20898
20899
20900
20901
20902
20903
20904
20905
20906
20907
20908
20909
20910
20911
20912
20913
20914
20915
20916
20917
20918
20919
20920
20921
20922
20923
20924
20925
20926
20927
20928
20929
20930
20931
20932
20933
20934
20935
20936
20937
20938
20939
20940
20941
20942
20943
20944
20945
20946
20947
20948
20949
20950
20951
20952
20953
20954
20955
20956
20957
20958
20959
20960
20961
20962
20963
20964
20965
20966
20967
20968
20969
20970
20971
20972
20973
20974
20975
20976
20977
20978
20979
20980
20981
20982
20983
20984
20985
20986
20987
20988
20989
20990
20991
20992
20993
20994
20995
20996
20997
20998
20999
21100
21101
21103
21105
21112
21114
21115
21116
21117
21118
21119
21120
21121
21122
21124
21125
21126
21127
21128
21129
21130
21131
21132
21133
21134
21135
21136
21137
21138
21139
21140
21141
21142
21143
21144
21145
21146
21147
21148
21149
21150
21151
21152
21153
21154
21155
21156
21157
21158
21159
21160
21165
21200
21201
21202
21207
21208
21209
21210
21211
21212
21213
21214
21215
21216
21217
21218
21219
21220
21221
21222
21223
21224
21225
21226
21227
21228
21229
21230
21231
21232
21233
21234
21235
21236
21237
21238
21239
21240
21241
21242
21243
21260
21291
21300
21361
21362
21363
21364
21365
21366
21367
21368
21369
21370
21371
21372
21373
21374
21375
21376
21377
21400
21402
21404
21410
21411
21412
21420
21421
21422
21423
21424
21425
21426
21427
21428
21429
21430
21431
21432
21433
21434
21435
21436
21437
21438
21439
21440
21441
21442
21443
21444
21445
21446
21447
21448
21449
21450
21454
21455
21456
21457
21458
21459
21463
21466
21467
21500
21510
21526
21527
21550
21551
21552
21553
21558
21559
21560
21561
21562
21563
21564
21565
21566
21567
21568
21569
21570
21571
21572
21573
21574
21578
21579
21580
21581
21582
21583
21584
21585
21586
21600
21608
21609
21610
21611
21612
21613
21614
21615
21616
21617
21618
21619
21620
21621
21622
21623
21624
21625
21641
21642
21700
21701
21741
21742
21743
21744
21745
21746
21747
21748
21749
21751
21752
21753
21754
21755
21756
21757
21758
21759
21761
21762
21763
21764
21765
21766
21767
21771
21772
21773
21774
21775
21800
21820
21821
21824
21831
21832
21833
21834
21836
21837
21838
21840
21841
21842
21844
21845
21846
21847
21851
21852
21853
21854
21855
21871
21872
21873
21874
21875
22002
22007
22009
22010
22011
22013
22100
22101
22102
22103
22104
22105
22109
22182
22183
22184
22185
22186
22187
22188
22200
22220
22221
22222
22223
22224
22225
22226
22227
22228
22229
22237
22240
22241
22242
22270
22300
22350
22351
22352
22353
22354
22355
22358
22359
22361
22362
22363
22369
22370
22400
22421
22422
22456
22457
22458
22460
22464
22465
22466
22467
22468
22471
22472
22473
22474
22475
22476
22477
22478
22479
22591
22592
22593
22594
22600
22639
22642
22643
22644
22645
22646
22647
22648
22649
22650
22651
22652
22653
22654
22655
22657
22660
22700
22721
22722
22730
22731
22732
22733
22734
22735
22736
22738
22760
22761
22762
22763
22764
22800
22810
22811
22812
22813
22814
22820
23032
23040
23041
23042
23043
23044
23053
23102
23103
23105
23106
23108
23110
23120
23121
23122
23123
23124
23125
23127
23131
23132
23133
23134
23136
23138
23142
23143
23144
23145
23151
23152
23153
23154
23155
23156
23161
23162
23163
23164
23165
23166
23167
23168
23170
23172
23173
23175
23176
23178
23179
23181
23183
23185
23187
23191
23192
23193
23194
23195
23196
23197
23198
23199
23201
23202
23220
23221
23222
23223
23224
23231
23232
23233
23234
23235
23236
23237
23238
23239
23241
23251
23252
23253
23254
23291
23301
23320
23321
23322
23323
23324
23325
23326
23331
23332
23333
23334
23335
23336
23337
23338
23339
23341
23342
23343
23351
23380
23381
23391
23392
23393
23394
23401
23420
23421
23422
23423
23427
23431
23432
23433
23434
23435
23436
23437
23438
23439
23441
23442
23443
23481
23501
23520
23521
23522
23525
23531
23532
23533
23534
23535
23536
23537
23538
23539
23541
23581
23582
23583
23591
23592
23593
23594
23599
23601
23620
23621
23622
23623
23624
23625
23631
23632
23633
23634
23635
23636
23637
23638
23641
23642
23651
23661
23691
23701
23720
23721
23722
23723
23724
23725
23731
23732
23733
23734
23735
23736
23737
23741
23742
23791
23801
23820
23821
23822
23823
23830
23831
23832
23833
23834
23835
23836
23837
23838
23839
23840
23841
23842
23843
23901
23920
23921
23922
23924
23930
23931
23932
23933
23934
23935
23940
23941
23942
24010
24012
24013
24014
24030
24032
24033
24035
24036
24040
24103
24110
24120
24121
24122
24123
24124
24125
24126
24130
24131
24132
24133
24134
24135
24136
24137
24138
24139
24180
24181
24191
24192
24193
24194
24195
24196
24201
24220
24221
24222
24224
24230
24231
24232
24233
24234
24235
24280
24291
24292
24293
24294
24295
24296
24297
24298
24301
24320
24321
24322
24323
24326
24330
24331
24332
24333
24334
24335
24336
24339
24391
24392
24393
24394
24395
24401
24402
24420
24421
24422
24423
24424
24430
24431
24432
24433
24436
24438
24439
24441
24460
24462
24463
24465
24466
24471
24480
24482
24491
24493
24494
24495
24501
24502
24518
24520
24521
24522
24523
24524
24525
24531
24532
24533
24534
24535
24537
24538
24541
24542
24543
24544
24545
24561
24562
24563
24564
24565
24580
24591
24592
24593
24601
24602
24620
24621
24622
24625
24630
24631
24632
24633
24634
24635
24636
24641
24642
24643
24650
24651
24652
24655
24657
24701
24720
24721
24722
24723
24725
24731
24732
24733
24734
24735
24736
24741
24781
24782
24791
24792
25002
25003
25004
25005
25006
25007
25008
25009
25013
25014
25015
25016
25018
25019
25020
25022
25023
25024
25025
25053
25054
25100
25101
25106
25107
25108
25109
25110
25111
25112
25113
25114
25181
25182
25183
25185
25187
25189
25200
25201
25202
25220
25221
25222
25223
25224
25225
25226
25227
25228
25229
25230
25231
25232
25234
25244
25245
25246
25247
25248
25249
25250
25251
25252
25263
25267
25268
25269
25270
25271
25275
25276
25277
25278
25279
25280
25284
25285
25286
25300
25360
25361
25362
25368
25373
25374
25375
25400
25401
25433
25435
25436
25437
25438
25439
25440
25441
25442
25443
25444
25449
25450
25451
25452
25453
25454
25455
25456
25457
25458
25460
25461
25462
25463
25464
25465
25466
25467
25468
25591
25592
25600
25654
25655
25656
25657
25658
25659
25661
25662
25663
25664
25665
25666
25667
25668
25669
25721
25730
25731
25732
25733
25734
25800
25801
25802
25803
25804
25805
25806
25807
25808
25809
25810
25811
25812
25813
25814
25815
25816
25817
25818
25819
25820
25821
25822
25823
25824
25825
25826
25827
25828
25829
25830
25835
25840
25845
25850
25851
25852
25853
25854
25855
25856
25857
25858
25859
25860
25870
25890
25895
25896
25960
25961
25962
25963
25964
25965
25966
25967
25968
25969
25970
25971
25972
25973
25974
25975
25976
25977
25978
25979
25980
25981
25982
25983
25984
25985
25986
25987
25988
25989
25990
25991
25992
25993
25994
25995
26013
26020
26021
26022
26023
26024
26030
26033
26034
26035
26036
26037
26038
26039
26040
26041
26042
26043
26050
26051
26060
26061
26070
26083
26091
26092
26093
26100
26103
26104
26106
26107
26108
26120
26122
26123
26124
26125
26126
26127
26130
26131
26132
26133
26134
26135
26136
26137
26138
26139
26140
26141
26142
26143
26144
26145
26146
26147
26151
26152
26153
26161
26162
26163
26165
26171
26172
26173
26175
26176
26180
26191
26192
26193
26194
26200
26201
26220
26221
26222
26223
26224
26231
26232
26233
26234
26235
26241
26242
26243
26244
26251
26252
26253
26254
26257
26258
26261
26262
26263
26264
26265
26270
26271
26272
26273
26274
26279
26280
26281
26282
26284
26291
26292
26293
26294
26295
26296
26300
26302
26320
26321
26322
26323
26325
26331
26332
26333
26334
26336
26337
26338
26339
26351
26352
26353
26354
26357
26358
26371
26382
26383
26391
26392
26393
26401
26402
26420
26421
26422
26423
26431
26432
26433
26434
26435
26436
26437
26438
26439
26470
26471
26480
26491
26492
26493
26494
26501
26520
26521
26522
26524
26525
26531
26532
26533
26534
26535
26536
26537
26538
26539
26540
26550
26580
26581
26582
26590
26607
26620
26621
26631
26632
26633
26675
26691
26692
26693
26694
26695
26697
26698
34320
34321
34322
34323
34324
34330
34331
34332
34334
34335
34336
34337
34371
34372
34373
34374
34375
34376
34381
34390
34391
34392
34393
34394
34395
34396
34397
35002
35003
35004
35005
35006
35007
35008
35033
35043
35053
35101
35103
35104
35105
35106
35112
35115
35170
35180
35181
35182
35183
35184
35185
35186
35187
35188
35189
35194
35195
35196
35197
35230
35231
35232
35233
35234
35235
35236
35237
35238
35239
35240
35241
35242
35243
35244
35245
35246
35247
35248
35249
35250
35251
35252
35253
35254
35255
35256
35257
35259
35260
35261
35262
35263
35270
35591
35592
35593
35594
35595
35596
35597
35801
35803
35810
36010
36013
36014
36023
36024
36030
36032
36040
36042
36043
36044
36047
36050
36051
36052
36053
36060
36065
36070
36071
36072
36073
36074
36075
36076
36077
36101
36120
36121
36122
36130
36131
36132
36133
36142
36153
36180
36191
36192
36193
36194
36195
36200
36201
36220
36221
36222
36223
36230
36231
36232
36240
36291
36292
36293
36294
37010
37011
37012
37017
37022
37023
37024
37030
37033
37034
37042
37043
37045
37100
37101
37102
37104
37105
37106
37107
37108
37110
37120
37121
37122
37123
37124
37125
37130
37131
37132
37133
37134
37135
37136
37137
37138
37139
37140
37141
37142
37143
37144
37145
37146
37147
37148
37149
37150
37151
37152
37153
37154
37155
37160
37161
37162
37163
37164
37165
37170
37175
37179
37180
37181
37182
37183
37184
37185
37186
37187
37188
37189
37191
37192
37193
37194
37200
37201
37202
37218
37219
37220
37221
37222
37225
37230
37231
37232
37233
37234
37235
37236
37237
37238
37239
37240
37250
37251
37252
37253
37273
37274
37275
37280
37281
37291
37292
37294
37295
37297
37300
37302
37400
37401
37402
37420
37421
37422
37423
37424
37430
37431
37432
37433
37434
37435
37436
37437
37438
37439
37440
37441
37450
37451
37452
37453
37470
37480
37481
37482
37483
37491
37492
37493
37494
37495
37496
37520
37521
37522
37530
37531
37532
37533
37534
37585
37586
37590
37591
37620
37623
37624
37635
37636
37637
37681
37692
37693
38030
38031
38040
38041
38042
38044
38052
38053
38062
38065
38074
38075
38201
38220
38221
38222
38223
38224
38228
38230
38231
38232
38233
38234
38235
38236
38237
38238
38239
38240
38241
38242
38243
38244
38245
38246
38280
38290
38291
38292
38293
38294
38296
38297
38301
38320
38321
38322
38323
38324
38325
38330
38331
38332
38333
38334
38335
38336
38337
38338
38339
38391
38392
38402
38420
38421
38422
38430
38431
38440
38491
38492
38493
38501
38502
38503
38520
38521
38522
38525
38530
38531
38532
38533
38534
38540
38541
38542
38550
38551
38590
38591
38592
38593
38594
38595
38596
38597
38598
38599
38601
38620
38621
38622
38623
38630
38631
38632
38633
38634
38635
38690
38692
38693
38694
38695
38696
38701
38720
38721
38722
38723
38724
38730
38731
38732
38733
38734
38735
38736
38737
38738
38750
38751
38752
38788
38790
38791
38792
38793
38794
38795
38796
38801
38804
38820
38821
38822
38830
38831
38832
38840
38841
38850
38891
38892
38893
38894
38895
38896
38897
38898
38899
39002
39003
39004
39006
39007
39008
39100
39101
39120
39121
39122
39123
39125
39126
39127
39128
39129
39182
39183
39184
39185
39186
39187
39188
39230
39231
39232
39233
39234
39235
39236
39237
39238
39239
39241
39243
39244
39245
39246
39247
39300
39349
39350
39351
39352
39353
39354
39355
39356
39357
39358
39359
39363
39364
39365
39470
39471
39477
39590
39800
39801
39802
39803
39804
39806
39807
39808
40010
40012
40013
40014
40015
40016
40018
40020
40022
40024
40025
40026
40027
40028
40029
40031
40032
40036
40040
40043
40050
40053
40060
40064
40070
40072
40090
40091
40092
40093
40094
40095
40096
40097
40099
40110
40111
40120
40121
40122
40123
40124
40125
40126
40127
40150
40151
40180
40182
40183
40184
40199
40220
40221
40222
40223
40224
40225
40226
40227
40228
40229
40230
40231
40232
40233
40234
40235
40238
40240
40241
40242
40243
40250
40251
40252
40254
40255
40256
40257
40258
40259
40261
40262
40264
40271
40272
40273
40274
40275
40276
40277
40278
40310
40311
40312
40313
40314
40315
40316
40317
40320
40321
40330
40331
40332
40336
40338
40339
40340
40343
40401
40420
40421
40422
40423
40424
40425
40426
40427
40428
40429
40430
40431
40432
40439
40480
40482
40483
40484
40485
40502
40503
40504
40505
40506
40507
40508
40509
40510
40512
40513
40514
40515
40516
40518
40519
40521
40522
40523
40524
40530
40531
40532
40533
40534
40535
40536
40537
40538
40540
40544
40700
40800
40801
40802
40803
40804
40805
40806
40807
40808
40809
40810
40811
40812
40813
40814
40815
40816
40817
40818
40819
40820
40821
40822
40823
40824
40825
40826
40827
40828
40829
40830
40831
40832
40833
40834
40835
40836
40837
40838
40839
40840
40841
40842
40843
40844
40845
40846
40847
40848
40849
40850
40851
40852
40853
40854
40855
40856
40857
40858
40859
40860
40861
40862
40863
40864
40865
40866
40867
40868
40869
40870
40871
40872
40873
40874
40875
40876
40877
40878
40879
40880
40881
40882
40883
40884
40885
40886
40887
40888
40889
40890
40891
40892
40893
40894
40895
40896
40897
40898
40899
40900
40901
40902
40903
40904
40905
40906
40907
40908
40909
40910
40911
40912
40913
40914
40915
40916
40917
40918
40919
40920
40921
40922
40923
40924
40925
40926
40927
40928
40929
40930
40931
40932
40933
40934
40935
40936
40937
40938
40939
40940
40941
40942
40943
40944
40945
40946
40947
40948
40949
40950
40951
40952
40953
40954
40955
40956
40957
40958
40959
40960
40961
40962
40963
40964
40965
40966
40967
40968
40969
40970
40971
40972
40973
40974
40975
40976
40977
40978
40979
40980
40981
40982
40983
40984
40985
40986
40987
40988
40989
40990
40991
40992
40993
40994
40995
40996
40997
40998
40999
41100
41101
41102
41103
41104
41105
41106
41107
41108
41109
41110
41111
41113
41114
41115
41116
41117
41118
41119
41120
41121
41122
41123
41124
41125
41126
41127
41128
41129
41130
41131
41132
41133
41134
41135
41136
41137
41138
41139
41140
41141
41143
41181
41185
41200
41220
41221
41222
41250
41251
41252
41253
41254
41255
41256
41257
41258
41259
41260
41261
41262
41263
41264
41265
41266
41267
41268
41269
41270
41271
41272
41273
41274
41275
41276
41279
41280
41281
41282
41285
41286
41287
41288
41289
41290
41292
41293
41294
41295
41296
41297
41300
41301
41302
41303
41304
41305
41306
41307
41308
41309
41310
41311
41312
41313
41314
41315
41316
41317
41318
41319
41320
41321
41322
41323
41324
41325
41326
41327
41328
41345
41346
41380
41382
41385
41390
41400
41420
41451
41452
41453
41454
41455
41456
41457
41458
41459
41460
41461
41462
41463
41464
41465
41466
41467
41468
41469
41470
41471
41472
41473
41474
41475
41476
41477
41478
41479
41480
41481
41482
41483
41500
41501
41502
41503
41504
41505
41506
41507
41508
41509
41510
41511
41512
41513
41514
41515
41516
41517
41518
41519
41520
41521
41522
41523
41524
41525
41526
41527
41550
41580
41581
41582
41583
41590
41600
41620
41648
41649
41650
41651
41652
41653
41654
41655
41656
41657
41658
41659
41660
41661
41662
41663
41664
41665
41666
41667
41668
41669
41670
41671
41672
41673
41674
41675
41676
41677
41678
41679
41680
41681
41682
41685
41700
41701
41702
41703
41704
41705
41706
41707
41713
41714
41715
41716
41717
41718
41719
41720
41721
41726
41727
41728
41729
41742
41743
41744
41745
41746
41747
41748
41749
41754
41755
41756
41757
41758
41760
41761
41762
41763
41764
41765
41780
41781
41785
41800
41802
41803
41804
41805
41811
41812
41821
41822
41823
41824
41830
41831
41832
41833
41834
41835
41836
41837
41838
41839
41840
41841
41842
41843
41870
41871
41872
41873
41874
41875
41876
41877
41878
41879
42100
42101
42102
42108
42110
42120
42121
42122
42123
42126
42130
42131
42132
42133
42134
42135
42136
42137
42138
42139
42140
42141
42143
42144
42145
42146
42147
42148
42149
42150
42157
42158
42159
42160
42161
42162
42163
42165
42166
42167
42200
42202
42203
42204
42220
42241
42242
42243
42244
42245
42246
42247
42248
42249
42250
42251
42252
42253
42254
42255
42256
42257
42258
42259
42280
42300
42320
42321
42322
42323
42332
42333
42334
42335
42336
42337
42338
42339
42340
42341
42343
42344
42346
42347
42348
42349
42350
42351
42353
42354
42355
42356
42359
42361
42363
42370
42371
42372
42373
42400
42401
42402
42404
42405
42406
42408
42410
42420
42421
42422
42423
42424
42431
42432
42433
42434
42435
42436
42437
42438
42439
42440
42441
42442
42443
42444
42445
42446
42447
42448
42449
42450
42453
42454
42455
42456
42457
42461
42465
42466
42467
42468
42469
42470
42471
42472
42480
42490
42491
42502
42530
42531
42532
42533
42534
42535
42536
42537
42538
42539
42541
42542
42543
42565
42600
42604
42605
42620
42650
42651
42652
42653
42654
42655
42656
42657
42658
42668
42669
42670
42671
42672
42673
42674
42676
42677
42679
42680
42700
42720
42721
42722
42723
42724
42734
42735
42736
42737
42738
42739
42740
42741
42742
42750
42751
42820
42821
42822
42830
42831
42832
42833
42834
42835
42836
42837
42880
42881
42911
42912
42913
42920
42921
42922
42923
42930
42931
42932
42933
42934
42935
42941
42942
42943
42944
42980
43010
43016
43017
43020
43022
43024
43025
43030
43031
43033
43063
43064
43065
43080
43081
43082
43083
43084
43085
43090
43091
43092
43093
43094
43095
43096
43097
43100
43101
43102
43104
43110
43120
43121
43122
43123
43124
43125
43126
43130
43131
43132
43133
43134
43135
43136
43137
43138
43139
43140
43141
43142
43143
43144
43146
43147
43148
43149
43150
43151
43153
43159
43160
43161
43162
43163
43164
43166
43167
43168
43169
43180
43181
43182
43183
43184
43185
43186
43187
43190
43200
43201
43202
43203
43210
43213
43214
43215
43216
43217
43218
43219
43221
43222
43223
43224
43225
43230
43231
43232
43233
43234
43235
43236
43237
43238
43240
43241
43242
43243
43244
43250
43251
43252
43253
43254
43275
43280
43281
43282
43284
43291
43292
43293
43294
43295
43296
43300
43302
43304
43320
43321
43322
43323
43324
43325
43326
43328
43330
43331
43332
43333
43334
43335
43336
43337
43338
43339
43341
43342
43343
43344
43345
43346
43347
43348
43349
43350
43351
43360
43361
43362
43363
43364
43365
43366
43367
43368
43369
43370
43375
43376
43380
43381
43382
43383
43384
43386
43400
43401
43403
43420
43421
43422
43423
43424
43430
43431
43432
43433
43434
43435
43436
43437
43438
43439
43440
43441
43442
43443
43444
43445
43446
43447
43448
43480
43481
43482
43488
43491
43492
43493
43494
43495
43496
43497
43498
43500
43520
43521
43522
43523
43524
43525
43530
43531
43532
43533
43535
43537
43538
43539
43540
43541
43542
43543
43544
43580
43582
43583
43584
43585
43587
43600
43601
43602
43620
43621
43622
43623
43626
43632
43633
43634
43635
43636
43637
43638
43639
43640
43642
43643
43644
43645
43650
43651
43652
43654
43655
43656
43658
43682
43683
43684
43700
43720
43721
43722
43730
43731
43732
43733
43734
43735
43736
43740
43741
43742
43791
43792
43793
43800
43810
43811
43812
43813
43814
43820
43821
43822
43823
43824
43832
43833
43834
43835
43836
43838
43880
43891
43892
43893
43894
43900
43920
43921
43922
43923
43924
43925
43926
43930
43931
43932
43933
43934
43935
43936
43937
43991
43992
43993
43994
44030
44100
44101
44115
44116
44117
44118
44120
44121
44122
44123
44124
44125
44126
44127
44128
44129
44130
44131
44132
44133
44134
44135
44136
44137
44138
44139
44140
44141
44142
44143
44144
44145
44150
44151
44155
44156
44157
44158
44160
44163
44165
44180
44181
44182
44183
44184
44185
44186
44191
44192
44193
44194
44195
44196
44200
44202
44206
44210
44211
44212
44215
44216
44217
44218
44220
44230
44231
44232
44233
44234
44235
44236
44237
44238
44239
44240
44241
44242
44243
44244
44245
44249
44250
44251
44252
44253
44254
44260
44270
44271
44272
44273
44274
44275
44277
44280
44281
44282
44283
44290
44291
44292
44293
44294
44295
44296
44297
44298
44300
44303
44304
44305
44311
44312
44313
44314
44315
44320
44321
44322
44323
44324
44325
44330
44331
44332
44333
44334
44335
44338
44339
44340
44341
44342
44343
44345
44350
44351
44360
44361
44370
44371
44372
44373
44374
44380
44391
44392
44395
44396
44400
44402
44420
44421
44422
44423
44424
44426
44428
44430
44431
44432
44440
44441
44442
44443
44444
44445
44446
44447
44448
44452
44453
44455
44460
44465
44482
44483
44484
44485
44486
44487
44491
44492
44493
44494
44495
44496
44497
44502
44521
44522
44523
44532
44533
44534
44536
44537
44552
44555
44556
44557
44580
44600
44620
44621
44622
44623
44632
44633
44635
44636
44637
44638
44640
44641
44691
44692
44693
44694
44695
44696
44697
44700
44720
44721
44722
44723
44724
44730
44731
44732
44733
44734
44735
44737
44780
44781
44782
44783
44784
44791
44792
44793
44794
44795
44800
44802
44820
44821
44822
44823
44824
44830
44831
44832
44833
44834
44835
44836
44837
44850
44851
44891
44892
44895
44896
44900
44911
44914
44915
44920
44921
44922
44930
44931
44932
44933
44934
44935
44936
44940
44941
44942
44943
44944
44950
44951
44970
44980
44981
44990
45033
45034
45043
45045
45046
45047
45052
45053
45054
45063
45070
45071
45073
45084
45101
45103
45105
45106
45107
45110
45115
45116
45117
45118
45119
45120
45121
45122
45123
45124
45125
45126
45127
45130
45131
45132
45133
45134
45140
45141
45142
45143
45144
45150
45151
45152
45153
45154
45155
45160
45161
45162
45163
45170
45171
45172
45173
45175
45176
45177
45180
45181
45182
45183
45184
45185
45191
45192
45193
45194
45195
45196
45197
45198
45201
45204
45205
45220
45221
45222
45223
45224
45230
45231
45232
45233
45234
45235
45236
45237
45238
45240
45250
45251
45252
45260
45280
45283
45285
45288
45290
45291
45292
45293
45294
45295
45296
45297
45300
45301
45318
45320
45321
45322
45323
45324
45325
45329
45330
45331
45332
45333
45334
45335
45336
45337
45338
45340
45341
45350
45380
45381
45391
45392
45393
45420
45421
45430
45431
45432
45480
45491
45492
45493
45494
45495
45501
45520
45521
45522
45530
45531
45532
45533
45534
45535
45580
45581
45582
45591
45592
45593
45601
45620
45621
45622
45623
45624
45631
45632
45633
45634
45642
45643
45644
45680
45681
45691
45700
45701
45702
45718
45720
45721
45722
45723
45725
45730
45731
45732
45772
45773
45780
45781
45782
45791
45793
45795
45796
45797
45801
45820
45821
45822
45830
45831
45832
45840
45880
45881
45891
45892
45893
45894
45901
45920
45921
45922
45923
45930
45931
45932
45933
45980
45991
45993
45994
46011
46012
46020
46021
46064
46065
46100
46101
46104
46106
46112
46120
46121
46122
46123
46124
46125
46126
46127
46129
46130
46131
46132
46133
46134
46135
46137
46138
46139
46140
46141
46142
46143
46144
46150
46151
46152
46153
46154
46155
46157
46158
46159
46160
46161
46162
46163
46164
46165
46166
46167
46170
46171
46173
46180
46181
46182
46183
46184
46185
46186
46188
46191
46193
46195
46198
46200
46201
46202
46203
46210
46220
46221
46222
46223
46224
46228
46229
46230
46231
46232
46233
46234
46235
46236
46237
46238
46240
46241
46242
46250
46251
46252
46253
46254
46255
46256
46260
46261
46273
46280
46281
46282
46285
46287
46291
46293
46301
46320
46321
46322
46323
46324
46325
46330
46331
46332
46333
46334
46335
46371
46375
46380
46381
46382
46383
46391
46392
46393
46394
46395
46401
46402
46420
46421
46422
46423
46430
46431
46432
46433
46434
46440
46450
46471
46472
46480
46482
46491
46492
46493
46494
46495
46501
46520
46521
46530
46531
46580
46581
46582
46591
46593
46594
46595
46596
46597
46598
46601
46620
46621
46622
46630
46631
46632
46633
46680
46691
46692
46693
46694
46695
46701
46720
46721
46722
46723
46730
46731
46732
46735
46740
46780
46781
46782
46783
46784
46791
46792
46793
46794
46795
46796
46821
46822
46830
46831
46832
46833
46834
46880
46881
46882
46890
47100
47101
47102
47104
47105
47106
47110
47111
47112
47113
47114
47115
47116
47117
47120
47121
47122
47130
47131
47132
47133
47141
47142
47143
47144
47151
47160
47161
47162
47170
47171
47172
47173
47174
47175
47180
47190
47191
47192
47193
47194
47195
47196
47197
47198
47199
47200
47201
47220
47221
47222
47223
47231
47232
47291
47292
47293
47294
47295
47296
47297
47301
47320
47321
47322
47323
47331
47332
47333
47334
47380
47391
47392
47393
47394
47395
47396
47397
47398
47399
47401
47402
47404
47411
47412
47413
47414
47415
47416
47420
47421
47422
47423
47431
47432
47470
47471
47474
47491
47492
47493
47494
47495
47496
50110
50111
50112
50115
50117
50125
50126
50127
50177
50178
50179
50180
50181
50182
50183
50184
50185
50186
50187
50188
50189
50190
50300
50305
50306
50307
50308
50309
50310
50311
50312
50313
50314
50315
50316
50317
50318
50319
50330
50331
50332
50333
50334
50335
50336
50337
50338
50342
50343
50400
50402
50403
50404
50405
50410
50411
50412
50420
50430
50431
50432
50433
50434
50435
50437
50438
50439
50441
50442
50443
50444
50445
50446
50447
50450
50451
50452
50453
50454
50455
50456
50457
50458
50460
50461
50462
50463
50465
50466
50467
50468
50470
50471
50472
50475
50478
50480
50481
50482
50483
50490
50491
50492
50493
50494
50495
50496
50497
50600
50602
50603
50630
50631
50632
50634
50635
50636
50637
50638
50639
50640
50641
50642
50643
50644
50646
50647
50648
50649
50670
50700
50710
50711
50715
50720
50730
50731
50732
50733
50734
50740
50741
50742
50743
50744
50745
50750
50751
50752
50753
50760
50761
50762
50763
50764
50765
50770
50771
50790
50800
50801
50802
50803
50804
50805
50806
50807
50808
50809
50810
50811
50812
50813
50814
50815
50816
50817
50818
50819
50820
50821
50822
50823
50824
50825
50826
50827
50828
50829
50830
50831
50832
50833
50834
50835
50836
50837
50838
50839
50840
50841
50842
50843
50844
50845
50846
50847
50848
50849
50850
50851
50852
50853
50854
50855
50856
50857
50858
50859
50860
50861
50862
50863
50864
50865
50866
50867
50868
50869
50870
50871
50872
50873
50874
50875
50876
50877
50878
50879
50880
50881
50882
50883
50884
50885
50886
50887
50888
50889
50890
50891
50892
50893
50894
50895
50896
50897
50898
50899
51021
51022
51100
51102
51103
51104
51105
51110
51120
51121
51122
51123
51124
51131
51141
51142
51154
51155
51156
51157
51158
51159
51161
51162
51163
51170
51171
51172
51173
51174
51180
51181
51182
51191
51192
51193
51194
51195
51196
51197
51200
51204
51220
51221
51222
51223
51224
51250
51251
51252
51253
51254
51260
51261
51262
51263
51264
51265
51276
51277
51280
51281
51283
51284
51285
51290
51291
51292
51293
51294
51295
51300
51320
51321
51332
51333
51334
51335
51350
51370
51380
51381
51382
51391
51392
51393
51394
51395
51396
51397
51400
51404
51405
51406
51411
51412
51420
51421
51422
51423
51424
51431
51432
51433
51434
51435
51440
51441
51442
51443
51444
51450
51452
51453
51454
51455
51460
51461
51462
51463
51470
51480
51481
51483
51484
51491
51492
51493
51494
51495
51500
51520
51521
51522
51532
51533
51534
51535
51560
51561
51570
51591
51592
51593
51600
51620
51621
51622
51630
51631
51632
51633
51634
51650
51677
51680
51681
51690
51691
51692
51693
51694
51695
51696
51700
51720
51721
51722
51723
51733
51734
51735
51736
51737
51770
51771
51781
51782
51783
51791
51792
51793
51794
51795
51796
51802
51820
51821
51822
51830
51831
51832
51833
51840
51841
51842
51843
51890
51891
51900
51920
51921
51930
51931
51981
51990
51991
51992
51993
51994
51995
51996
51997
52010
52011
52024
52025
52026
52040
52043
52050
52101
52102
52103
52104
52105
52118
52120
52121
52122
52123
52124
52129
52130
52131
52132
52133
52134
52135
52136
52140
52141
52142
52143
52144
52145
52172
52173
52174
52175
52181
52182
52185
52186
52188
52191
52192
52193
52194
52195
52196
52197
52198
52201
52220
52221
52222
52223
52224
52225
52226
52230
52231
52232
52233
52234
52235
52281
52282
52283
52284
52285
52291
52292
52293
52294
52301
52302
52304
52320
52321
52322
52323
52324
52325
52326
52330
52331
52332
52333
52335
52336
52337
52338
52339
52372
52374
52384
52385
52386
52390
52391
52392
52393
52394
52395
52396
52397
52398
52399
52401
52402
52420
52421
52422
52423
52424
52425
52426
52430
52431
52432
52441
52442
52480
52491
52492
52493
52495
52496
53010
53030
53032
53101
53102
53103
53104
53110
53116
53117
53118
53119
53120
53129
53130
53131
53132
53133
53134
53135
53136
53137
53138
53139
53140
53141
53142
53143
53150
53151
53152
53153
53154
53155
53156
53157
53158
53159
53170
53171
53175
53181
53185
53186
53187
53188
53191
53192
53193
53194
53196
53197
53198
53199
53201
53202
53220
53221
53222
53223
53224
53230
53231
53232
53233
53234
53235
53236
53237
53238
53272
53273
53274
53280
53286
53288
53289
53292
53293
53294
53295
53296
53301
53302
53303
53304
53320
53321
53322
53323
53330
53331
53332
53333
53334
53350
53372
53373
53374
53380
53381
53382
53391
53392
53393
53394
53395
53396
53397
53401
53403
53420
53421
53422
53423
53424
53425
53430
53431
53432
53450
53473
53481
53482
53490
53491
53492
53493
53494
53495
53496
53521
53522
53523
53530
53591
53592
53593
54015
54016
54017
54066
54101
54102
54105
54106
54107
54112
54118
54120
54121
54122
54123
54124
54125
54126
54127
54128
54129
54130
54131
54132
54133
54134
54135
54136
54137
54138
54139
54140
54141
54142
54143
54144
54145
54146
54147
54148
54150
54152
54153
54154
54155
54156
54157
54162
54163
54164
54165
54170
54177
54178
54180
54183
54184
54185
54186
54187
54191
54192
54193
54194
54198
54201
54218
54220
54221
54222
54223
54224
54230
54231
54232
54233
54234
54235
54240
54241
54242
54243
54244
54245
54272
54273
54274
54275
54285
54286
54287
54288
54291
54292
54293
54294
54295
54301
54320
54321
54322
54323
54330
54331
54332
54333
54334
54335
54336
54337
54350
54351
54380
54381
54391
54392
54393
54394
54395
54401
54420
54421
54422
54430
54431
54432
54433
54450
54481
54491
54492
54493
54494
54501
54502
54520
54521
54522
54523
54530
54531
54532
54533
54534
54535
54572
54590
54591
54592
54593
54601
54618
54620
54621
54622
54623
54630
54631
54632
54633
54634
54672
54673
54681
54682
54691
54692
54693
54694
54695
54700
54702
54720
54721
54722
54724
54725
54730
54731
54772
54781
54782
54791
54792
54793
54800
54802
54820
54821
54822
54831
54832
54873
54874
54891
54892
54893
54902
54903
54904
54905
54906
54920
54921
54931
54941
54991
54992
54993
55001
55002
55003
55004
55005
55006
55008
55009
55010
55011
55012
55100
55101
55110
55111
55112
55113
55114
55115
55116
55117
55118
55119
55120
55121
55122
55123
55126
55127
55130
55140
55180
55181
55182
55183
55184
55185
55186
55189
55190
55191
55192
55193
55195
55199
55300
55302
55303
55305
55307
55308
55309
55310
55311
55312
55313
55314
55315
55316
55317
55318
55320
55321
55322
55323
55324
55331
55332
55333
55334
55335
55336
55337
55338
55339
55400
55438
55439
55445
55446
55447
55448
55450
55451
55452
55453
55454
55456
55457
55458
55459
55463
55464
55465
55466
55472
55473
55474
55592
55593
55594
55600
55610
55611
55612
55614
55625
55626
55627
55628
55629
55631
55632
55633
55650
55652
55800
55810
56013
56025
56027
56028
56034
56042
56101
56102
56104
56105
56120
56121
56122
56123
56124
56125
56131
56132
56133
56134
56135
56136
56138
56139
56141
56142
56143
56144
56146
56148
56149
56150
56151
56182
56183
56184
56185
56191
56192
56193
56201
56202
56220
56221
56222
56223
56224
56228
56230
56231
56232
56240
56241
56242
56250
56280
56291
56301
56320
56321
56322
56331
56332
56391
56392
56393
56420
56421
56422
56423
56424
56428
56431
56432
56433
56434
56435
56436
56491
56501
56518
56520
56521
56522
56523
56524
56525
56528
56529
56531
56532
56533
56591
56592
56593
56601
56618
56620
56621
56622
56623
56624
56628
56631
56632
56633
56634
56635
56680
56691
56692
56693
56701
56720
56721
56722
56723
56724
56730
56731
56732
56733
56791
56792
56820
56821
56822
56823
56824
56830
56831
56832
56891
56892
56893
57001
57002
57003
57010
57012
57013
57015
57016
57019
57021
57023
57030
57031
57032
57033
57034
57060
57072
57075
57076
57080
57081
57082
57083
57084
57090
57091
57100
57103
57106
57110
57119
57120
57121
57122
57123
57124
57125
57129
57131
57132
57133
57134
57135
57136
57137
57138
57139
57140
57141
57142
57143
57161
57162
57163
57164
57165
57166
57167
57172
57173
57174
57175
57176
57177
57178
57180
57181
57182
57183
57185
57188
57191
57192
57193
57194
57195
57197
57200
57202
57204
57205
57206
57220
57221
57222
57223
57224
57225
57226
57227
57228
57229
57230
57231
57232
57233
57234
57235
57236
57237
57240
57241
57250
57251
57260
57261
57262
57263
57275
57276
57283
57291
57292
57293
57295
57296
57300
57302
57320
57321
57322
57323
57324
57325
57326
57328
57329
57331
57332
57333
57334
57335
57336
57337
57338
57339
57340
57341
57342
57343
57361
57373
57382
57383
57391
57392
57393
57394
57395
57396
57397
57398
57399
57400
57402
57420
57421
57422
57423
57428
57431
57432
57433
57434
57435
57436
57437
57438
57439
57440
57441
57450
57474
57480
57481
57485
57491
57492
57493
57494
57495
57496
57497
57498
57501
57520
57521
57522
57523
57528
57531
57532
57533
57534
57535
57536
57537
57538
57539
57580
57581
57582
57591
57592
57593
57594
57595
57596
57601
57620
57621
57622
57623
57624
57625
57631
57632
57633
57635
57636
57680
57691
57692
57701
57702
57720
57721
57722
57723
57724
57725
57726
57730
57731
57732
57733
57734
57735
57736
57737
57738
57739
57750
57751
57790
57791
57792
57793
57794
57801
57820
57821
57822
57823
57824
57825
57831
57832
57833
57874
57875
57891
57892
57893
57894
57895
57900
57902
57920
57921
57922
57923
57930
57931
57932
57933
57940
57980
57990
57992
57993
58002
58003
58005
58006
58007
58008
58009
58010
58011
58013
58015
58100
58101
58102
58103
58104
58105
58106
58107
58110
58111
58112
58113
58114
58115
58116
58117
58118
58119
58121
58128
58131
58133
58180
58181
58182
58183
58184
58185
58186
58187
58188
58189
58190
58191
58192
58193
58194
58195
58196
58197
58198
58199
58200
58201
58202
58210
58212
58214
58215
58216
58217
58218
58219
58220
58221
58222
58223
58224
58225
58226
58227
58228
58229
58230
58231
58232
58233
58234
58235
58236
58237
58242
58243
58245
58246
58247
58252
58253
58254
58272
58273
58274
58275
58277
58278
58300
58329
58330
58331
58332
58333
58334
58335
58336
58337
58422
58431
58432
58434
58435
58436
58437
58439
58500
58591
58592
58593
58594
58595
58596
58597
58598
58599
58600
58643
58644
58646
58647
58648
58662
58663
58665
58666
58721
58723
58724
58725
58727
58729
58731
58733
58734
58735
58737
58739
58750
58758
58801
58802
58803
58805
58806
58807
58808
58809
58810
58811
58813
58815
58818
58820
58900
58921
58923
58925
58927
58929
58931
58933
58935
58937
58941
58943
58951
58953
58955
58957
59010
59011
59012
59013
59014
59015
59016
59017
59018
59019
59020
59021
59030
59031
59032
59033
59034
59040
59041
59042
59047
59048
59049
59050
59051
59052
59053
59054
59055
59062
59069
59070
59071
59072
59073
59074
59075
59076
59077
59078
59079
59080
59081
59083
59090
59091
59092
59093
59094
59095
59096
59098
59100
59101
59102
59104
59105
59120
59121
59122
59123
59124
59129
59130
59131
59132
59133
59134
59135
59136
59137
59145
59146
59150
59151
59152
59153
59154
59160
59161
59162
59170
59171
59172
59181
59182
59184
59185
59186
59191
59192
59193
59194
59195
59196
59197
59198
59199
59201
59220
59221
59222
59223
59224
59229
59230
59231
59232
59240
59241
59242
59280
59281
59282
59291
59292
59293
59294
59300
59302
59303
59320
59321
59322
59323
59324
59325
59326
59330
59331
59332
59333
59334
59335
59336
59337
59338
59339
59340
59341
59342
59343
59350
59351
59352
59353
59354
59361
59362
59380
59381
59382
59383
59384
59385
59386
59387
59391
59392
59393
59395
59396
59401
59420
59421
59422
59423
59430
59431
59432
59491
59492
59493
59494
59501
59520
59521
59522
59523
59524
59529
59530
59531
59532
59533
59534
59535
59540
59541
59542
59543
59544
59550
59551
59552
59553
59554
59580
59581
59582
59583
59591
59592
59593
59594
59595
59596
59601
59620
59621
59622
59623
59631
59632
59633
59634
59691
59692
59693
59700
59720
59721
59722
59723
59724
59725
59726
59730
59731
59732
59740
59741
59742
59743
59750
59751
59752
59753
59780
59791
59792
59793
59794
59795
59796
59797
59801
59820
59821
59822
59823
59824
59830
59831
59832
59834
59835
59836
59837
59838
59839
59840
59880
59881
59882
59883
59884
59885
59886
59891
59892
59893
59894
59895
59896
59901
59920
59921
59922
59923
59931
59932
59933
59980
59991
59992
59993
59994
60002
60003
60004
60005
60006
60007
60011
60012
60013
60040
60041
60042
60043
60044
60045
60046
60047
60100
60102
60103
60104
60105
60107
60110
60114
60115
60116
60117
60119
60169
60170
60171
60172
60173
60174
60175
60176
60177
60178
60179
60180
60181
60182
60183
60184
60185
60186
60187
60188
60189
60200
60208
60209
60210
60211
60212
60213
60214
60215
60216
60217
60218
60219
60220
60221
60222
60223
60224
60225
60226
60227
60228
60229
60230
60231
60232
60233
60234
60235
60236
60237
60238
60239
60240
60300
60350
60351
60352
60353
60354
60355
60356
60357
60358
60359
60360
60361
60362
60363
60364
60365
60366
60367
60368
60369
60370
60371
60372
60374
60375
60376
60377
60378
60379
60380
60381
60385
60386
60400
60500
60591
60592
60593
60594
60595
60596
60597
60598
60599
60600
60700
60800
60801
60802
60803
60804
60806
60807
60810
60811
60812
60813
60814
60815
60849
61010
61011
61012
61013
61014
61020
61021
61024
61025
61026
61027
61028
61029
61030
61031
61032
61033
61040
61041
61042
61050
61053
61054
61055
61056
61060
61070
61071
61072
61073
61074
61075
61100
61101
61102
61103
61104
61105
61110
61120
61122
61123
61124
61125
61126
61127
61129
61130
61131
61132
61133
61134
61135
61136
61137
61138
61139
61144
61145
61146
61150
61155
61156
61157
61160
61161
61162
61163
61165
61166
61179
61180
61181
61182
61183
61184
61185
61186
61188
61189
61191
61192
61193
61194
61195
61201
61202
61220
61221
61222
61223
61224
61225
61230
61231
61232
61233
61234
61235
61236
61237
61238
61240
61241
61242
61243
61244
61245
61246
61247
61280
61281
61282
61283
61291
61292
61293
61294
61295
61296
61300
61310
61311
61320
61321
61322
61323
61324
61330
61331
61332
61333
61335
61336
61337
61338
61340
61341
61351
61380
61381
61401
61420
61421
61422
61430
61431
61432
61433
61434
61480
61481
61482
61490
61492
61493
61494
61495
61496
61497
61498
61499
61501
61520
61521
61522
61523
61524
61530
61531
61532
61533
61580
61591
61592
61593
61594
61595
61620
61621
61622
61630
61631
61632
61633
61634
61690
61691
61701
61710
61720
61721
61722
61730
61731
61732
61734
61790
61801
61820
61821
61822
61823
61830
61831
61832
61833
61834
61835
61892
61893
61895
61901
61920
61921
61922
61923
61930
61931
61932
61933
61934
61935
61980
61991
61992
62010
62011
62012
62013
62016
62020
62023
62024
62030
62033
62034
62035
62100
62105
62111
62112
62113
62114
62115
62116
62119
62120
62121
62122
62123
62124
62125
62126
62129
62137
62138
62139
62141
62142
62143
62144
62145
62146
62147
62148
62149
62150
62151
62152
62153
62154
62155
62156
62157
62158
62165
62167
62170
62171
62172
62173
62174
62175
62176
62177
62178
62179
62180
62181
62182
62183
62184
62185
62186
62187
62188
62189
62190
62191
62192
62193
62194
62195
62196
62197
62198
62199
62221
62230
62232
62234
62236
62238
62240
62242
62244
62246
62248
62250
62252
62254
62256
62258
62259
62260
62265
62266
62270
62275
62276
62300
62311
62312
62313
62314
62315
62316
62320
62321
62325
62330
62331
62332
62333
62335
62336
62337
62338
62340
62341
62342
62343
62344
62346
62347
62348
62349
62350
62351
62352
62353
62354
62355
62356
62357
62359
62360
62361
62362
62363
62364
62365
62366
62367
62368
62369
62370
62371
62372
62374
62375
62376
62377
62378
62379
62400
62420
62421
62422
62430
62432
62434
62436
62438
62440
62442
62444
62446
62448
62449
62450
62452
62453
62454
62455
62456
62458
62460
62462
62464
62465
62466
62467
62470
63003
63004
63005
63006
63007
63008
63009
63012
63014
63100
63101
63102
63103
63104
63105
63106
63107
63108
63180
63181
63184
63185
63186
63187
63188
63189
63192
63193
63194
63201
63220
63221
63222
63223
63224
63225
63226
63227
63228
63229
63230
63231
63232
63233
63234
63235
63236
63237
63239
63301
63340
63341
63342
63343
63344
63345
63346
63347
63348
63349
63350
63351
63352
63353
63354
63355
63356
63357
63358
63359
63362
63369
63370
63401
63501
63502
63503
63504
63505
63506
63507
63508
63509
63510
63511
63512
63513
63514
63517
63518
63519
63520
63801
63802
63803
63805
63807
63808
63809
63810
63811
63812
63814
63821
64010
64020
64023
64024
64025
64030
64031
64032
64033
64034
64040
64043
64045
64050
64051
64060
64061
64101
64102
64103
64120
64121
64122
64123
64127
64129
64130
64131
64132
64133
64134
64135
64136
64137
64139
64145
64146
64147
64148
64149
64150
64151
64152
64153
64180
64181
64182
64191
64192
64193
64194
64195
64196
64197
64201
64220
64221
64222
64223
64224
64228
64231
64232
64233
64234
64235
64236
64237
64281
64282
64283
64284
64291
64292
64293
64294
64295
64301
64320
64321
64322
64330
64331
64332
64333
64380
64391
64392
64393
64394
64395
64401
64420
64421
64422
64430
64431
64432
64433
64434
64435
64436
64480
64501
64502
64520
64521
64522
64523
64524
64525
64530
64531
64532
64533
64534
64535
64540
64541
64542
64543
64544
64547
64550
64551
64559
64580
64582
64583
64584
64587
64591
64592
64593
64594
64601
64620
64621
64622
64623
64630
64631
64632
64633
64634
64635
64680
64691
64692
64693
64701
64720
64721
64722
64723
64724
64730
64731
64732
64735
64781
64791
64792
64793
65001
65002
65004
65005
65007
65008
65009
65012
65100
65101
65102
65103
65104
65105
65106
65107
65108
65109
65110
65111
65112
65113
65114
65115
65116
65119
65121
65122
65128
65180
65182
65183
65184
65185
65186
65187
65188
65189
65201
65217
65218
65219
65220
65221
65222
65223
65224
65225
65226
65227
65228
65229
65230
65301
65339
65340
65341
65342
65343
65344
65345
65346
65347
65348
65349
65350
65351
65401
65455
65458
65459
65460
65461
65462
65463
65464
65465
65466
65467
65468
65469
65591
65592
65593
65594
65601
65631
65632
65633
65634
65635
65636
65637
65638
65639
65671
65672
65800
65810
65811
65812
65813
65814
65815
65816
65817
65818
65819
65820
65997
65998
65999
66010
66011
66040
66050
66052
66057
66060
66100
66120
66121
66122
66123
66124
66125
66126
66129
66130
66131
66132
66133
66140
66141
66142
66143
66180
66181
66191
66192
66193
66194
66195
66196
66200
66203
66220
66221
66222
66223
66224
66227
66230
66231
66232
66233
66234
66235
66236
66237
66250
66291
66295
66296
66297
66298
66301
66311
66312
66320
66321
66322
66329
66330
66331
66332
66333
66334
66340
66341
66342
66381
66391
66392
66401
66420
66421
66422
66423
66428
66430
66431
66432
66433
66434
66440
66480
66491
66495
66501
66520
66521
66522
66523
66524
66525
66530
66531
66532
66533
66534
66535
66591
66592
66593
66594
66600
66601
66620
66621
66622
66623
66624
66625
66630
66631
66632
66640
66691
66692
66693
66701
66720
66721
66722
66729
66730
66731
66732
66733
66734
66791
66800
66801
66820
66821
66822
66824
66830
66831
66832
66840
66888
66891
66892
66893
66894
66895
66920
66921
66922
66927
66930
66931
66932
66991
66992
67010
67020
67035
67040
67041
67043
67101
67120
67121
67122
67123
67124
67125
67126
67127
67129
67130
67131
67132
67133
67140
67141
67142
67150
67151
67152
67160
67170
67180
67181
67182
67191
67192
67193
67194
67195
67196
67201
67220
67221
67222
67223
67224
67229
67230
67231
67232
67291
67292
67293
67294
67295
67301
67320
67321
67322
67329
67331
67332
67391
67392
67393
68050
68051
68052
68060
68061
68063
68065
68071
68090
68096
68101
68104
68110
68120
68121
68122
68123
68124
68125
68126
68127
68128
68129
68130
68131
68132
68133
68134
68135
68136
68137
68138
68140
68141
68142
68143
68150
68151
68152
68153
68154
68160
68180
68182
68183
68184
68185
68191
68192
68193
68194
68195
68196
68201
68220
68221
68222
68223
68224
68227
68230
68231
68232
68233
68234
68240
68282
68291
68292
68293
68301
68320
68321
68322
68323
68324
68329
68330
68331
68332
68333
68334
68340
68380
68385
68391
68392
68393
68394
68395
68401
68420
68421
68422
68423
68428
68429
68430
68431
68432
68491
68492
68493
68495
68501
68520
68521
68522
68523
68524
68525
68529
68530
68532
68533
68534
68580
68591
68592
68593
68594
68597
68599
68601
68620
68621
68622
68623
68624
68625
68626
68628
68629
68630
68631
68633
68634
68635
68680
68691
68692
68693
68694
68695
68696
68697
68698
68821
68822
68823
68829
68830
68831
68891
68892
69045
69101
69102
69105
69110
69120
69121
69122
69123
69124
69125
69126
69127
69131
69132
69133
69134
69135
69136
69137
69138
69141
69142
69143
69144
69145
69146
69147
69148
69150
69151
69152
69153
69154
69175
69176
69177
69178
69179
69180
69181
69182
69183
69185
69186
69188
69191
69192
69193
69194
69201
69220
69221
69222
69223
69224
69225
69229
69230
69231
69232
69233
69234
69235
69236
69237
69238
69271
69272
69273
69280
69281
69282
69283
69284
69285
69291
69292
69293
69301
69303
69320
69321
69322
69329
69330
69331
69332
69333
69334
69335
69370
69373
69380
69381
69391
69392
69393
69394
69395
69401
69420
69421
69422
69423
69424
69430
69431
69432
69433
69434
69435
69436
69437
69450
69472
69480
69481
69482
69483
69491
69492
69493
69494
69495
69501
69520
69521
69522
69529
69530
69531
69532
69550
69560
69572
69580
69581
69582
69584
69585
69591
69592
69593
69594
69595
69596
69597
69601
69620
69621
69622
69623
69630
69631
69632
69633
69634
69673
69674
69675
69676
69680
69681
69691
69692
69693
69694
69695
69696
69720
69721
69722
69730
69731
69732
69774
69780
69791
69792
69793
69794
70002
70005
70006
70008
70009
70010
70012
70013
70014
70015
70100
70101
70110
70111
70112
70113
70114
70115
70116
70117
70118
70119
70121
70122
70123
70130
70131
70132
70133
70134
70135
70140
70141
70142
70143
70144
70145
70146
70147
70148
70149
70150
70151
70180
70181
70182
70183
70184
70185
70186
70187
70188
70189
70190
70191
70192
70193
70194
70195
70201
70202
70203
70204
70205
70208
70210
70211
70212
70213
70214
70215
70216
70217
70218
70219
70220
70221
70222
70223
70224
70225
70226
70227
70228
70229
70230
70231
70232
70233
70234
70235
70281
70282
70286
70301
70302
70303
70340
70341
70342
70343
70344
70345
70346
70347
70348
70349
70350
70351
70352
70353
70354
70355
70356
70357
70358
70359
70360
70361
70362
70363
70364
70365
70366
70367
70368
70369
70370
70371
70372
70373
70374
70375
70376
70378
70381
70385
70510
70591
70592
70593
70594
70595
70596
70597
70598
70800
70801
70802
70803
70804
70805
70806
70807
70808
70809
70810
70999
71041
71101
71104
71120
71121
71122
71123
71124
71130
71131
71132
71133
71134
71135
71136
71172
71176
71177
71178
71180
71181
71182
71191
71192
71193
71194
71195
71196
71197
71198
71201
71202
71220
71221
71222
71230
71231
71232
71233
71234
71260
71280
71281
71282
71283
71291
71293
71294
71295
71301
71320
71321
71322
71323
71330
71331
71332
71333
71334
71372
71380
71381
71382
71391
71392
71393
71394
71401
71420
71421
71422
71430
71431
71432
71433
71434
71435
71436
71437
71472
71480
71481
71482
71491
71492
71493
71494
71501
71520
71521
71531
71532
71572
71591
71592
71593
71594
71595
71601
71620
71621
71630
71631
71681
71691
71692
71693
71694
71801
71820
71821
71822
71830
71831
71832
71833
71840
71880
71881
71891
71892
71893
71894
71895
71896
71897
71921
71922
71930
71931
71932
71940
71941
71980
71991
71992
71993
71994
71995
72001
72002
72003
72007
72010
72011
72012
72013
72015
72016
72017
72018
72019
72020
72100
72101
72103
72104
72105
72106
72107
72108
72109
72110
72119
72120
72122
72123
72126
72127
72128
72129
72130
72131
72132
72133
72134
72135
72136
72137
72138
72150
72151
72152
72153
72157
72159
72161
72162
72163
72164
72165
72166
72167
72168
72169
72170
72173
72174
72175
72176
72177
72178
72180
72182
72183
72184
72185
72186
72187
72189
72201
72209
72210
72211
72212
72213
72214
72215
72216
72217
72218
72219
72220
72221
72222
72223
72224
72225
72226
72227
72228
72231
72233
72240
72241
72242
72243
72244
72245
72246
72301
72334
72335
72336
72337
72338
72339
72340
72341
72342
72343
72344
72345
72346
72347
72348
72349
72350
72351
72352
72353
72355
72401
72402
72460
72461
72462
72463
72464
72465
72466
72467
72468
72469
72470
72471
72472
72473
72474
72475
72476
72477
72478
72479
72480
72481
72482
72591
72592
72593
72594
72595
72596
72597
72598
72800
72802
72804
72805
73030
73040
73050
73060
73061
73070
73071
73091
73101
73102
73103
73120
73121
73122
73123
73124
73125
73126
73127
73129
73130
73131
73132
73133
73134
73135
73136
73137
73140
73141
73142
73143
73150
73151
73152
73153
73154
73160
73170
73180
73181
73185
73191
73192
73193
73194
73195
73196
73197
73198
73201
73220
73221
73222
73223
73224
73225
73226
73227
73230
73231
73232
73233
73234
73245
73246
73247
73248
73249
73281
73291
73292
73293
73294
73295
73296
73297
73298
73301
73320
73321
73322
73323
73324
73325
73326
73327
73330
73331
73332
73333
73334
73335
73336
73337
73338
73339
73340
73373
73375
73391
73392
73393
73394
73395
73396
73397
73398
73399
73401
73420
73421
73422
73423
73424
73425
73426
73427
73428
73430
73431
73432
73433
73434
73435
73436
73437
73438
73439
73440
73450
73451
73491
73492
73494
73501
73520
73521
73522
73523
73531
73532
73533
73534
73535
73536
73537
73538
73591
73601
73620
73621
73622
73623
73625
73630
73631
73632
73633
73634
73635
73636
73685
73691
73692
73693
73701
73702
73720
73721
73722
73723
73724
73725
73726
73730
73731
73732
73733
73734
73740
73741
73742
73743
73744
73745
73746
73747
73748
73749
73780
73781
73782
73790
73791
73792
73801
73802
73820
73821
73822
73823
73830
73831
73832
73833
73834
73835
73850
73891
73892
73901
73920
73921
73922
73923
73930
73931
73970
73991
73992
74010
74011
74012
74020
74021
74022
74030
74045
74046
74047
74071
74081
74082
74083
74101
74120
74121
74122
74123
74124
74125
74130
74131
74140
74141
74142
74143
74144
74145
74171
74172
74173
74174
74175
74180
74190
74191
74192
74193
74194
74195
74196
74200
74201
74203
74219
74220
74221
74231
74232
74233
74234
74235
74236
74250
74291
74292
74293
74294
74295
74301
74319
74320
74321
74322
74330
74332
74334
74335
74340
74341
74350
74391
74392
74393
74394
74401
74402
74419
74420
74421
74431
74432
74450
74451
74488
74491
74492
74493
74494
74495
74500
74502
74503
74510
74520
74521
74522
74523
74525
74526
74527
74528
74530
74531
74532
74533
74534
74535
74536
74537
74538
74539
74540
74541
74542
74544
74545
74547
74560
74561
74562
74563
74571
74580
74581
74582
74583
74584
74585
74586
74588
74591
74592
74593
74594
74595
74596
74597
74598
74599
74601
74620
74621
74622
74623
74624
74625
74626
74627
74629
74630
74631
74632
74633
74634
74635
74636
74637
74638
74639
74640
74641
74650
74651
74652
74680
74691
74692
74693
74694
74695
74696
74700
74702
74719
74720
74721
74730
74731
74732
74740
74741
74742
74743
74744
74780
74791
74792
74793
74794
74795
74801
74802
74818
74819
74820
74821
74822
74830
74831
74832
74840
74841
74842
74850
74891
74892
74893
74894
74895
74896
74906
74935
74940
74941
74942
74944
74945
74946
74947
74948
74949
74950
74952
74960
74961
74962
74970
74981
75002
75003
75004
75006
75007
75008
75009
75010
75011
75013
75015
75016
75017
75020
75021
75022
75023
75024
75025
75026
75100
75101
75103
75104
75105
75106
75108
75109
75110
75120
75121
75122
75123
75124
75125
75126
75127
75128
75129
75130
75131
75132
75133
75134
75135
75136
75137
75138
75140
75141
75142
75143
75144
75145
75146
75147
75148
75149
75170
75171
75172
75173
75174
75181
75182
75183
75184
75185
75186
75187
75188
75189
75200
75217
75218
75219
75220
75222
75223
75224
75225
75226
75227
75228
75229
75230
75231
75232
75233
75234
75236
75237
75238
75239
75240
75241
75242
75243
75244
75258
75260
75261
75262
75263
75264
75265
75266
75267
75268
75271
75272
75273
75275
75300
75308
75309
75310
75311
75312
75313
75314
75315
75316
75317
75318
75319
75320
75321
75322
75323
75324
75325
75326
75327
75328
75329
75330
75331
75332
75333
75334
75335
75336
75337
75350
75375
75380
75381
75382
75383
75400
75418
75419
75420
75421
75422
75423
75424
75425
75426
75427
75428
75429
75430
75431
75432
75433
75434
75435
75436
75437
75439
75440
75441
75442
75443
75445
75446
75447
75448
75449
75450
75451
75452
75453
75454
75500
75591
75592
75593
75594
75595
75596
75597
75598
75600
75642
75643
75645
75646
75647
75648
75649
75650
75651
75652
75653
75654
75655
75700
75752
75753
75754
75755
75756
75757
75758
75759
75800
75801
75802
75803
75804
75806
75808
75809
75810
75813
75815
75816
75822
75823
75824
75825
75826
75852
75853
75854
75855
75856
75857
75871
75872
75873
75900
76010
76015
76017
76018
76019
76021
76031
76040
76041
76042
76044
76045
76049
76100
76110
76120
76121
76122
76123
76124
76128
76129
76130
76131
76132
76140
76141
76142
76143
76144
76145
76146
76150
76151
76152
76153
76160
76161
76162
76163
76164
76165
76171
76172
76173
76174
76175
76176
76180
76184
76188
76191
76192
76193
76194
76200
76220
76221
76222
76223
76231
76241
76251
76261
76271
76291
76292
76293
76294
76295
76296
76300
76320
76321
76322
76323
76330
76334
76335
76340
76341
76342
76343
76381
76382
76391
76392
76393
76394
77010
77012
77013
77014
77070
77071
77101
77103
77120
77121
77122
77123
77124
77125
77126
77128
77130
77131
77132
77133
77134
77135
77136
77140
77141
77142
77143
77150
77151
77152
77153
77154
77155
77160
77165
77180
77181
77182
77183
77184
77190
77192
77194
77201
77220
77221
77222
77230
77231
77232
77240
77250
77270
77280
77290
77292
77294
77401
77402
77404
77420
77421
77422
77423
77424
77427
77429
77430
77431
77432
77433
77434
77435
77440
77441
77460
77461
77462
77467
77468
77480
77481
77482
77489
77491
77492
77493
77494
77497
77498
77499
77525
77526
77528
77550
77551
77552
77553
77554
77570
77571
77595
77596
77601
77602
77620
77621
77622
77623
77628
77630
77631
77632
77633
77634
77635
77636
77670
77690
77691
77692
77693
77695
77696
77697
77698
77701
77703
77720
77721
77722
77723
77725
77730
77731
77732
77733
77734
77750
77751
77760
77780
77781
77782
77790
77791
77793
77794
78040
78041
78044
78045
78050
78051
78053
78054
78061
78064
78067
78068
78069
78100
78101
78102
78105
78106
78107
78110
78115
78120
78121
78122
78123
78124
78126
78127
78128
78129
78170
78171
78172
78173
78181
78182
78183
78184
78185
78187
78188
78193
78194
78195
78196
78199
78201
78203
78220
78221
78222
78223
78224
78227
78230
78231
78233
78234
78235
78275
78290
78291
78301
78320
78321
78322
78323
78327
78330
78331
78332
78334
78335
78350
78390
78392
78393
78395
78430
78431
78432
78433
78434
78435
78436
78437
78440
78441
78442
78443
78444
78445
78450
78451
78452
78453
78454
78455
78456
78460
78461
78462
78463
78465
78466
78467
78468
78472
78473
78474
78475
78476
78477
79015
79020
79021
79022
79023
79025
79026
79031
79070
79090
79091
79101
79105
79106
79107
79109
79110
79111
79112
79113
79114
79116
79117
79118
79119
79120
79121
79122
79123
79124
79125
79126
79127
79128
79129
79130
79131
79132
79133
79134
79135
79136
79137
79138
79140
79141
79142
79143
79144
79145
79146
79147
79150
79151
79152
79153
79155
79156
79160
79161
79162
79170
79171
79172
79173
79174
79175
79176
79177
79180
79182
79183
79184
79185
79186
79188
79191
79192
79193
79194
79195
79196
79201
79202
79205
79207
79208
79220
79221
79222
79223
79224
79225
79226
79227
79230
79231
79232
79233
79234
79236
79237
79250
79251
79252
79253
79275
79277
79280
79285
79290
79291
79292
79293
79294
79295
79296
79297
79298
79301
79304
79311
79312
79313
79320
79321
79322
79323
79324
79325
79326
79327
79330
79331
79332
79333
79335
79336
79340
79341
79350
79360
79370
79385
79386
79390
79391
79392
79394
79397
79401
79420
79421
79422
79430
79431
79432
79433
79434
79490
79491
79492
79493
79498
79501
79503
79520
79521
79522
79523
79530
79531
79532
79533
79535
79536
79570
79580
79590
79591
79592
79595
79596
79601
79602
79620
79621
79622
79625
79626
79630
79631
79690
79691
79699
80002
80004
80006
80008
80010
80011
80014
80015
80100
80101
80102
80103
80104
80105
80106
80107
80108
80126
80127
80128
80129
80130
80131
80132
80133
80134
80135
80136
80137
80138
80139
80170
80172
80173
80174
80176
80181
80182
80183
80184
80185
80186
80187
80188
80200
80208
80250
80251
80252
80253
80254
80255
80256
80257
80260
80261
80262
80263
80264
80265
80266
80267
80269
80270
80271
80272
80274
80275
80276
80277
80280
80281
80282
80283
80284
80285
80286
80288
80291
80292
80293
80301
80302
80309
80310
80311
80320
80321
80322
80323
80324
80325
80400
80423
80424
80425
80426
80427
80428
80429
80430
80431
80432
80433
80434
80591
80592
80595
80596
80597
80598
80600
80626
80627
80628
80630
80631
80632
80633
80634
80635
80636
80637
80638
80641
80642
80643
80645
80646
80648
80649
80800
80801
80802
80804
80810
80811
80814
80815
81020
81021
81022
81040
81064
81065
81100
81101
81102
81103
81119
81120
81121
81122
81123
81124
81125
81126
81130
81131
81132
81133
81134
81135
81136
81137
81138
81139
81140
81141
81150
81151
81152
81153
81154
81160
81161
81162
81170
81171
81180
81181
81188
81189
81191
81192
81193
81194
81195
81201
81203
81204
81219
81220
81221
81222
81225
81230
81231
81240
81241
81251
81290
81292
81293
81294
81301
81302
81319
81320
81321
81322
81323
81327
81330
81331
81332
81333
81334
81335
81336
81340
81381